motif	num_nodes	erdos_p	occurences	mean
1	100	0.001	0	4
2	100	0.001	0	0
1	100	0.001	0	5
2	100	0.001	0	0
1	100	0.001	0	5
2	100	0.001	0	0
1	100	0.001	0	4
2	100	0.001	0	0
1	100	0.001	0	8
2	100	0.001	0	0
1	100	0.001	0	5
2	100	0.001	0	0
1	100	0.001	0	3
2	100	0.001	0	0
1	100	0.001	0	4
2	100	0.001	0	0
1	100	0.002	0	7
2	100	0.002	0	0
1	100	0.002	0	13
2	100	0.002	0	0
1	100	0.002	0	12
2	100	0.002	0	0
1	100	0.002	0	12
2	100	0.002	0	0
1	100	0.002	0	12
2	100	0.002	0	0
1	100	0.002	0	10
2	100	0.002	0	0
1	100	0.002	0	10
2	100	0.002	0	0
1	100	0.002	0	12
2	100	0.002	0	0
1	100	0.005	0	35
2	100	0.005	0	0
1	100	0.005	0	37
2	100	0.005	0	0
1	100	0.005	0	29
2	100	0.005	0	0
1	100	0.005	0	29
2	100	0.005	0	0
1	100	0.005	0	30
2	100	0.005	0	0
1	100	0.005	0	38
2	100	0.005	0	0
1	100	0.005	0	40
2	100	0.005	0	0
1	100	0.005	0	38
2	100	0.005	0	0
1	100	0.01	0	69
2	100	0.01	0	0
1	100	0.01	0	53
2	100	0.01	0	0
1	100	0.01	0	120
2	100	0.01	0	1
1	100	0.01	0	151
2	100	0.01	0	2
1	100	0.01	0	132
2	100	0.01	0	2
1	100	0.01	0	107
2	100	0.01	0	1
1	100	0.01	0	89
2	100	0.01	0	1
1	100	0.01	0	89
2	100	0.01	0	1
1	100	0.02	0	306
2	100	0.02	0	4
1	100	0.02	0	314
2	100	0.02	0	5
1	100	0.02	0	286
2	100	0.02	0	4
1	100	0.02	0	226
2	100	0.02	0	2
1	100	0.02	1	298
2	100	0.02	0	5
1	100	0.02	0	246
2	100	0.02	0	3
1	100	0.02	0	301
2	100	0.02	0	4
1	100	0.02	0	244
2	100	0.02	0	3
1	100	0.05	2	1480
2	100	0.05	0	37
1	100	0.05	2	1608
2	100	0.05	0	39
1	100	0.05	3	1434
2	100	0.05	0	33
1	100	0.05	1	1467
2	100	0.05	0	36
1	100	0.05	6	1411
2	100	0.05	0	33
1	100	0.05	4	1644
2	100	0.05	0	41
1	100	0.05	2	1558
2	100	0.05	0	40
1	100	0.05	0	1406
2	100	0.05	0	32
1	100	0.1	67	4591
2	100	0.1	0	173
1	100	0.1	33	5249
2	100	0.1	0	213
1	100	0.1	51	5372
2	100	0.1	0	215
1	100	0.1	28	5096
2	100	0.1	0	200
1	100	0.1	70	5291
2	100	0.1	0	208
1	100	0.1	17	5318
2	100	0.1	0	210
1	100	0.1	50	5170
2	100	0.1	1	206
1	100	0.1	50	5869
2	100	0.1	0	250
1	100	0.2	656	19139
2	100	0.2	8	1348
1	100	0.2	696	21447
2	100	0.2	4	1637
1	100	0.2	835	20118
2	100	0.2	12	1424
1	100	0.2	651	20853
2	100	0.2	8	1514
1	100	0.2	701	18804
2	100	0.2	10	1315
1	100	0.2	858	21327
2	100	0.2	17	1603
1	100	0.2	875	21217
2	100	0.2	10	1557
1	100	0.2	833	20955
2	100	0.2	9	1536
1	100	0.3	3728	44502
2	100	0.3	93	4647
1	100	0.3	4364	46555
2	100	0.3	136	4995
1	100	0.3	4658	46735
2	100	0.3	148	5018
1	100	0.3	3738	45470
2	100	0.3	117	4800
1	100	0.3	4294	46281
2	100	0.3	143	4912
1	100	0.3	4335	44612
2	100	0.3	153	4639
1	100	0.3	3829	43463
2	100	0.3	120	4490
1	100	0.3	3829	43161
2	100	0.3	107	4457
1	100	0.4	12806	80090
2	100	0.4	656	11140
1	100	0.4	12597	77101
2	100	0.4	645	10466
1	100	0.4	12779	78506
2	100	0.4	725	10807
1	100	0.4	11682	78622
2	100	0.4	575	10838
1	100	0.4	12364	78553
2	100	0.4	641	10744
1	100	0.4	12801	80916
2	100	0.4	686	11309
1	100	0.4	13900	81257
2	100	0.4	786	11351
1	100	0.4	12362	77367
2	100	0.4	657	10518
1	200	0.001	0	14
2	200	0.001	0	0
1	200	0.001	0	26
2	200	0.001	0	0
1	200	0.001	0	23
2	200	0.001	0	0
1	200	0.001	0	24
2	200	0.001	0	0
1	200	0.001	0	17
2	200	0.001	0	0
1	200	0.001	0	16
2	200	0.001	0	0
1	200	0.001	0	31
2	200	0.001	0	0
1	200	0.001	0	28
2	200	0.001	0	0
1	200	0.002	0	62
2	200	0.002	0	0
1	200	0.002	0	51
2	200	0.002	0	0
1	200	0.002	0	54
2	200	0.002	0	0
1	200	0.002	0	64
2	200	0.002	0	0
1	200	0.002	0	63
2	200	0.002	0	0
1	200	0.002	0	55
2	200	0.002	0	0
1	200	0.002	0	69
2	200	0.002	0	0
1	200	0.002	0	60
2	200	0.002	0	0
1	200	0.005	0	202
2	200	0.005	0	1
1	200	0.005	0	184
2	200	0.005	0	1
1	200	0.005	0	184
2	200	0.005	0	1
1	200	0.005	0	142
2	200	0.005	0	0
1	200	0.005	0	225
2	200	0.005	0	1
1	200	0.005	0	205
2	200	0.005	0	1
1	200	0.005	0	179
2	200	0.005	0	1
1	200	0.005	0	191
2	200	0.005	0	1
1	200	0.01	0	565
2	200	0.01	0	4
1	200	0.01	0	618
2	200	0.01	0	5
1	200	0.01	0	471
2	200	0.01	0	3
1	200	0.01	0	594
2	200	0.01	0	4
1	200	0.01	0	547
2	200	0.01	0	3
1	200	0.01	0	597
2	200	0.01	0	4
1	200	0.01	2	584
2	200	0.01	0	4
1	200	0.01	0	549
2	200	0.01	0	4
1	200	0.02	0	2081
2	200	0.02	0	22
1	200	0.02	0	1794
2	200	0.02	0	18
1	200	0.02	3	2060
2	200	0.02	0	20
1	200	0.02	0	2006
2	200	0.02	0	20
1	200	0.02	0	1632
2	200	0.02	0	15
1	200	0.02	1	1885
2	200	0.02	0	18
1	200	0.02	0	2056
2	200	0.02	0	21
1	200	0.02	1	1761
2	200	0.02	0	17
1	200	0.05	27	11052
2	200	0.05	0	225
1	200	0.05	15	10925
2	200	0.05	0	217
1	200	0.05	35	11014
2	200	0.05	0	223
1	200	0.05	27	10760
2	200	0.05	0	208
1	200	0.05	16	10786
2	200	0.05	0	212
1	200	0.05	42	11208
2	200	0.05	0	235
1	200	0.05	37	10587
2	200	0.05	0	210
1	200	0.05	42	11415
2	200	0.05	0	232
1	200	0.1	412	42594
2	200	0.1	0	1581
1	200	0.1	349	40446
2	200	0.1	0	1454
1	200	0.1	488	41809
2	200	0.1	0	1552
1	200	0.1	472	42744
2	200	0.1	1	1590
1	200	0.1	376	40370
2	200	0.1	0	1457
1	200	0.1	295	41576
2	200	0.1	0	1519
1	200	0.1	445	40789
2	200	0.1	0	1482
1	200	0.1	386	41834
2	200	0.1	6	1538
1	200	0.2	5740	158960
2	200	0.2	63	10960
1	200	0.2	6012	160658
2	200	0.2	80	11154
1	200	0.2	6681	165814
2	200	0.2	93	11637
1	200	0.2	6563	162741
2	200	0.2	92	11331
1	200	0.2	6481	157492
2	200	0.2	87	10794
1	200	0.2	6079	158633
2	200	0.2	76	10976
1	200	0.2	7170	161761
2	200	0.2	112	11223
1	200	0.2	6189	158759
2	200	0.2	73	10906
1	200	0.3	31149	359163
2	200	0.3	963	36879
1	200	0.3	31811	361284
2	200	0.3	998	36986
1	200	0.3	33801	357607
2	200	0.3	1055	36540
1	200	0.3	30138	356521
2	200	0.3	889	36418
1	200	0.3	30184	344495
2	200	0.3	889	34561
1	200	0.3	32390	364571
2	200	0.3	960	37608
1	200	0.3	30963	357723
2	200	0.3	907	36429
1	200	0.3	29436	353827
2	200	0.3	846	35961
1	200	0.4	99821	633442
2	200	0.4	5225	85719
1	200	0.4	105933	648477
2	200	0.4	5828	88582
1	200	0.4	102674	637026
2	200	0.4	5486	86510
1	200	0.4	95849	621467
2	200	0.4	4925	83221
1	200	0.4	95601	621473
2	200	0.4	4909	83319
1	200	0.4	99048	627653
2	200	0.4	5181	84598
1	200	0.4	99597	633269
2	200	0.4	5359	85471
1	200	0.4	100677	634500
2	200	0.4	5373	85808
1	500	0.001	0	182
2	500	0.001	0	0
1	500	0.001	0	189
2	500	0.001	0	0
1	500	0.001	0	199
2	500	0.001	0	0
1	500	0.001	0	179
2	500	0.001	0	0
1	500	0.001	0	200
2	500	0.001	0	0
1	500	0.001	0	162
2	500	0.001	0	0
1	500	0.001	0	195
2	500	0.001	0	0
1	500	0.001	0	229
2	500	0.001	0	0
1	500	0.002	0	512
2	500	0.002	0	1
1	500	0.002	0	466
2	500	0.002	0	1
1	500	0.002	0	547
2	500	0.002	0	1
1	500	0.002	0	476
2	500	0.002	0	1
1	500	0.002	0	487
2	500	0.002	0	1
1	500	0.002	0	510
2	500	0.002	0	1
1	500	0.002	0	504
2	500	0.002	0	1
1	500	0.002	0	516
2	500	0.002	0	1
1	500	0.005	0	2176
2	500	0.005	0	7
1	500	0.005	1	2090
2	500	0.005	0	6
1	500	0.005	0	2212
2	500	0.005	0	7
1	500	0.005	0	2127
2	500	0.005	0	6
1	500	0.005	0	2231
2	500	0.005	0	7
1	500	0.005	0	2354
2	500	0.005	0	8
1	500	0.005	0	2196
2	500	0.005	0	7
1	500	0.005	0	2192
2	500	0.005	0	7
1	500	0.01	0	7612
2	500	0.01	0	36
1	500	0.01	1	7814
2	500	0.01	0	38
1	500	0.01	4	7287
2	500	0.01	0	33
1	500	0.01	1	7413
2	500	0.01	0	35
1	500	0.01	0	7229
2	500	0.01	0	34
1	500	0.01	0	8023
2	500	0.01	0	39
1	500	0.01	1	7126
2	500	0.01	0	32
1	500	0.01	0	7704
2	500	0.01	0	37
1	500	0.02	11	26981
2	500	0.02	0	213
1	500	0.02	9	26615
2	500	0.02	0	211
1	500	0.02	3	26952
2	500	0.02	0	214
1	500	0.02	19	27718
2	500	0.02	0	225
1	500	0.02	15	27370
2	500	0.02	0	220
1	500	0.02	6	27788
2	500	0.02	0	225
1	500	0.02	4	27300
2	500	0.02	0	219
1	500	0.02	7	27204
2	500	0.02	0	218
1	500	0.05	462	158650
2	500	0.05	0	2808
1	500	0.05	384	159560
2	500	0.05	0	2860
1	500	0.05	359	160852
2	500	0.05	0	2877
1	500	0.05	323	159111
2	500	0.05	0	2851
1	500	0.05	352	151828
2	500	0.05	0	2630
1	500	0.05	487	162833
2	500	0.05	1	2927
1	500	0.05	358	165227
2	500	0.05	0	3008
1	500	0.05	477	158066
2	500	0.05	0	2823
1	500	0.1	6597	641779
2	500	0.1	14	22331
1	500	0.1	6531	631628
2	500	0.1	18	21784
1	500	0.1	6647	629102
2	500	0.1	24	21724
1	500	0.1	5812	633842
2	500	0.1	16	21882
1	500	0.1	5940	628979
2	500	0.1	15	21703
1	500	0.1	6054	634497
2	500	0.1	10	21910
1	500	0.1	5889	624087
2	500	0.1	18	21368
1	500	0.1	6172	636379
2	500	0.1	21	22061
1	500	0.2	96991	2498799
2	500	0.2	1266	168987
1	500	0.2	95496	2459954
2	500	0.2	1281	165112
1	500	0.2	102204	2505635
2	500	0.2	1359	169743
1	500	0.2	98377	2523967
2	500	0.2	1298	171807
1	500	0.2	99704	2516463
2	500	0.2	1388	171016
1	500	0.2	97577	2505114
2	500	0.2	1276	169770
1	500	0.2	101800	2504304
2	500	0.2	1413	169677
1	500	0.2	99056	2505273
2	500	0.2	1350	170007
1	500	0.3	499051	5642096
2	500	0.3	15005	570383
1	500	0.3	494395	5604115
2	500	0.3	14823	564634
1	500	0.3	501957	5582287
2	500	0.3	15202	561570
1	500	0.3	500511	5641975
2	500	0.3	14744	570529
1	500	0.3	511481	5620210
2	500	0.3	15475	567189
1	500	0.3	495560	5603039
2	500	0.3	14650	564423
1	500	0.3	502230	5596409
2	500	0.3	15045	563868
1	500	0.3	504757	5595981
2	500	0.3	15259	563512
1	500	0.4	1585135	9931281
2	500	0.4	84410	1329045
1	500	0.4	1594997	9981380
2	500	0.4	85188	1339716
1	500	0.4	1548482	9854832
2	500	0.4	81677	1313881
1	500	0.4	1588129	9973716
2	500	0.4	84482	1337557
1	500	0.4	1617741	10019979
2	500	0.4	86903	1347127
1	500	0.4	1596103	9984282
2	500	0.4	85026	1340160
1	500	0.4	1618310	10014658
2	500	0.4	86959	1346273
1	500	0.4	1581428	10004144
2	500	0.4	83816	1344536
1	1000	0.001	0	916
2	1000	0.001	0	1
1	1000	0.001	0	1024
2	1000	0.001	0	1
1	1000	0.001	0	885
2	1000	0.001	0	1
1	1000	0.001	0	980
2	1000	0.001	0	1
1	1000	0.001	0	1023
2	1000	0.001	0	1
1	1000	0.001	0	1025
2	1000	0.001	0	1
1	1000	0.001	0	935
2	1000	0.001	0	1
1	1000	0.001	0	922
2	1000	0.001	0	1
1	1000	0.002	0	2983
2	1000	0.002	0	4
1	1000	0.002	0	3055
2	1000	0.002	0	4
1	1000	0.002	0	3224
2	1000	0.002	0	4
1	1000	0.002	0	2996
2	1000	0.002	0	4
1	1000	0.002	0	3057
2	1000	0.002	0	4
1	1000	0.002	0	2842
2	1000	0.002	0	4
1	1000	0.002	0	3048
2	1000	0.002	0	4
1	1000	0.002	0	3173
2	1000	0.002	0	4
1	1000	0.005	0	14512
2	1000	0.005	0	34
1	1000	0.005	0	15126
2	1000	0.005	0	36
1	1000	0.005	3	15115
2	1000	0.005	0	36
1	1000	0.005	0	14797
2	1000	0.005	0	35
1	1000	0.005	0	14678
2	1000	0.005	0	35
1	1000	0.005	0	14959
2	1000	0.005	0	35
1	1000	0.005	0	15138
2	1000	0.005	0	37
1	1000	0.005	0	15546
2	1000	0.005	0	37
1	1000	0.01	5	55866
2	1000	0.01	0	225
1	1000	0.01	4	56135
2	1000	0.01	0	226
1	1000	0.01	6	53814
2	1000	0.01	0	217
1	1000	0.01	6	54325
2	1000	0.01	0	218
1	1000	0.01	6	56265
2	1000	0.01	0	232
1	1000	0.01	5	53188
2	1000	0.01	0	209
1	1000	0.01	1	52714
2	1000	0.01	0	208
1	1000	0.01	6	54511
2	1000	0.01	0	217
1	1000	0.02	115	213310
2	1000	0.02	0	1591
1	1000	0.02	89	207673
2	1000	0.02	0	1516
1	1000	0.02	98	208187
2	1000	0.02	0	1521
1	1000	0.02	101	212303
2	1000	0.02	0	1568
1	1000	0.02	90	207512
2	1000	0.02	0	1524
1	1000	0.02	95	208724
2	1000	0.02	0	1525
1	1000	0.02	88	212321
2	1000	0.02	0	1567
1	1000	0.02	90	212422
2	1000	0.02	0	1570
1	1000	0.05	3252	1280404
2	1000	0.05	2	22209
1	1000	0.05	3345	1297222
2	1000	0.05	2	22707
1	1000	0.05	2898	1266584
2	1000	0.05	2	21909
1	1000	0.05	3116	1267368
2	1000	0.05	2	21891
1	1000	0.05	2521	1278277
2	1000	0.05	1	22182
1	1000	0.05	2817	1268629
2	1000	0.05	4	21966
1	1000	0.05	3052	1257124
2	1000	0.05	0	21628
1	1000	0.05	3097	1280839
2	1000	0.05	4	22270
1	1000	0.1	48549	5041216
2	1000	0.1	146	171197
1	1000	0.1	48582	5018098
2	1000	0.1	146	170110
1	1000	0.1	51813	5029893
2	1000	0.1	186	170880
1	1000	0.1	52845	5051839
2	1000	0.1	181	171637
1	1000	0.1	48345	4982847
2	1000	0.1	155	168137
1	1000	0.1	50143	5054509
2	1000	0.1	193	172064
1	1000	0.1	49008	5020699
2	1000	0.1	155	170210
1	1000	0.1	49038	5004439
2	1000	0.1	178	169131
1	1000	0.2	797363	19931868
2	1000	0.2	10560	1336010
1	1000	0.2	797734	20022915
2	1000	0.2	10594	1345939
1	1000	0.2	800717	19974341
2	1000	0.2	10713	1340651
1	1000	0.2	812548	20117772
2	1000	0.2	10847	1355509
1	1000	0.2	820688	20179454
2	1000	0.2	11238	1361438
1	1000	0.2	800150	20175696
2	1000	0.2	10525	1361370
1	1000	0.2	807140	20068889
2	1000	0.2	10827	1350137
1	1000	0.2	790857	20057495
2	1000	0.2	10432	1348931
1	1000	0.3	3972341	44823522
2	1000	0.3	118336	4495210
1	1000	0.3	4011639	44863489
2	1000	0.3	120094	4501692
1	1000	0.3	4036436	44924243
2	1000	0.3	121648	4511048
1	1000	0.3	4056419	45042079
2	1000	0.3	121562	4529062
1	1000	0.3	4012141	44767726
2	1000	0.3	120048	4488202
1	1000	0.3	4025485	45028416
2	1000	0.3	120580	4526028
1	1000	0.3	4007479	44859088
2	1000	0.3	119721	4501314
1	1000	0.3	4014494	45050509
2	1000	0.3	120464	4530065
1	1000	0.4	12857572	80071032
2	1000	0.4	689702	10722771
1	1000	0.4	12736835	79883057
2	1000	0.4	678271	10684725
1	1000	0.4	12850915	79951389
2	1000	0.4	687509	10696981
1	1000	0.4	12701839	79738989
2	1000	0.4	674852	10655553
1	1000	0.4	12781491	80009922
2	1000	0.4	682104	10706346
1	1000	0.4	12606794	79537428
2	1000	0.4	667642	10615584
1	1000	0.4	12672253	79399667
2	1000	0.4	674078	10586545
1	1000	0.4	12903562	79956215
2	1000	0.4	692604	10697072
1	2000	0.001	0	6031
2	2000	0.001	0	4
1	2000	0.001	0	5756
2	2000	0.001	0	4
1	2000	0.001	0	6155
2	2000	0.001	0	4
1	2000	0.001	0	6143
2	2000	0.001	0	4
1	2000	0.001	0	5911
2	2000	0.001	0	4
1	2000	0.001	0	6114
2	2000	0.001	0	4
1	2000	0.001	0	6294
2	2000	0.001	0	4
1	2000	0.001	0	5899
2	2000	0.001	0	4
1	2000	0.002	0	20086
2	2000	0.002	0	20
1	2000	0.002	0	19318
2	2000	0.002	0	19
1	2000	0.002	0	20283
2	2000	0.002	0	21
1	2000	0.002	0	20005
2	2000	0.002	0	20
1	2000	0.002	0	19921
2	2000	0.002	0	20
1	2000	0.002	0	19496
2	2000	0.002	0	20
1	2000	0.002	0	19312
2	2000	0.002	0	19
1	2000	0.002	0	20051
2	2000	0.002	0	20
1	2000	0.005	0	108183
2	2000	0.005	0	217
1	2000	0.005	0	108762
2	2000	0.005	0	218
1	2000	0.005	1	110280
2	2000	0.005	0	222
1	2000	0.005	3	109615
2	2000	0.005	0	220
1	2000	0.005	0	111900
2	2000	0.005	0	229
1	2000	0.005	5	110306
2	2000	0.005	0	223
1	2000	0.005	3	111236
2	2000	0.005	0	224
1	2000	0.005	3	109094
2	2000	0.005	0	217
1	2000	0.01	36	424579
2	2000	0.01	0	1571
1	2000	0.01	23	415774
2	2000	0.01	0	1519
1	2000	0.01	33	430769
2	2000	0.01	0	1606
1	2000	0.01	49	421517
2	2000	0.01	0	1555
1	2000	0.01	27	420059
2	2000	0.01	0	1540
1	2000	0.01	27	419801
2	2000	0.01	0	1548
1	2000	0.01	49	414599
2	2000	0.01	0	1512
1	2000	0.01	41	420920
2	2000	0.01	0	1545
1	2000	0.02	656	1628685
2	2000	0.02	0	11353
1	2000	0.02	629	1618784
2	2000	0.02	0	11274
1	2000	0.02	570	1637371
2	2000	0.02	0	11455
1	2000	0.02	637	1626776
2	2000	0.02	0	11350
1	2000	0.02	643	1645828
2	2000	0.02	0	11562
1	2000	0.02	624	1639325
2	2000	0.02	0	11488
1	2000	0.02	621	1644143
2	2000	0.02	0	11537
1	2000	0.02	602	1651525
2	2000	0.02	0	11582
1	2000	0.05	25407	10026633
2	2000	0.05	23	169800
1	2000	0.05	25355	10125726
2	2000	0.05	21	172313
1	2000	0.05	24959	9995743
2	2000	0.05	23	169002
1	2000	0.05	24577	10066266
2	2000	0.05	20	170959
1	2000	0.05	26433	10162592
2	2000	0.05	22	173323
1	2000	0.05	24626	10040056
2	2000	0.05	19	170311
1	2000	0.05	25792	10084565
2	2000	0.05	20	171313
1	2000	0.05	25106	10117140
2	2000	0.05	20	172096
1	2000	0.1	400929	40096019
2	2000	0.1	1312	1347925
1	2000	0.1	386468	40015198
2	2000	0.1	1339	1343831
1	2000	0.1	392769	39974706
2	2000	0.1	1354	1341811
1	2000	0.1	402683	40057500
2	2000	0.1	1352	1345831
1	2000	0.1	394233	40205841
2	2000	0.1	1327	1353528
1	2000	0.1	401375	40262860
2	2000	0.1	1319	1357218
1	2000	0.1	406047	40185434
2	2000	0.1	1346	1352511
1	2000	0.1	407494	40475680
2	2000	0.1	1362	1367625
1	2000	0.2	6436453	160753483
2	2000	0.2	86457	10781797
1	2000	0.2	6393667	159983755
2	2000	0.2	85705	10704222
1	2000	0.2	6449985	160562938
2	2000	0.2	86028	10763236
1	2000	0.2	6362673	159581404
2	2000	0.2	84015	10666198
1	2000	0.2	6484171	160523842
2	2000	0.2	86855	10759567
1	2000	0.2	6389790	160083238
2	2000	0.2	85068	10715233
1	2000	0.2	6380965	159883514
2	2000	0.2	84744	10695790
1	2000	0.2	6410248	160132514
2	2000	0.2	85653	10719218
1	2000	0.3	32658436	361198443
2	2000	0.3	985184	36274237
1	2000	0.3	32418539	359774203
2	2000	0.3	973185	36054103
1	2000	0.3	32376753	360163568
2	2000	0.3	971710	36116148
1	2000	0.3	32400956	360022638
2	2000	0.3	974742	36095514
1	2000	0.3	32207246	359426075
2	2000	0.3	964482	36005808
1	2000	0.3	32394442	360446733
2	2000	0.3	974731	36158892
1	2000	0.3	32427839	360266527
2	2000	0.3	971647	36132312
1	2000	0.3	32245180	360425261
2	2000	0.3	967093	36155051
1	2000	0.4	102297161	638615397
2	2000	0.4	5457195	85219713
1	2000	0.4	101530011	638836148
2	2000	0.4	5393625	85259291
1	2000	0.4	102120694	640458252
2	2000	0.4	5447132	85585341
1	2000	0.4	102709626	639631746
2	2000	0.4	5491391	85418768
1	2000	0.4	102737647	640986576
2	2000	0.4	5490815	85691577
1	2000	0.4	102417137	639890790
2	2000	0.4	5469138	85474323
1	2000	0.4	102083519	639154246
2	2000	0.4	5440157	85324883
1	2000	0.4	102209634	640231554
2	2000	0.4	5449888	85539061
1	5000	0.001	0	76548
2	5000	0.001	0	36
1	5000	0.001	0	74842
2	5000	0.001	0	35
1	5000	0.001	0	76338
2	5000	0.001	0	37
1	5000	0.001	0	74652
2	5000	0.001	0	35
1	5000	0.001	0	73901
2	5000	0.001	0	35
1	5000	0.001	1	74869
2	5000	0.001	0	35
1	5000	0.001	0	75811
2	5000	0.001	0	36
1	5000	0.001	0	75419
2	5000	0.001	0	36
1	5000	0.002	2	271206
2	5000	0.002	0	217
1	5000	0.002	0	277553
2	5000	0.002	0	225
1	5000	0.002	2	278546
2	5000	0.002	0	226
1	5000	0.002	1	273656
2	5000	0.002	0	219
1	5000	0.002	0	273786
2	5000	0.002	0	219
1	5000	0.002	2	272213
2	5000	0.002	0	217
1	5000	0.002	0	275057
2	5000	0.002	0	221
1	5000	0.002	3	274615
2	5000	0.002	0	221
1	5000	0.005	53	1611713
2	5000	0.005	0	2890
1	5000	0.005	39	1623386
2	5000	0.005	0	2927
1	5000	0.005	33	1627073
2	5000	0.005	0	2932
1	5000	0.005	59	1625995
2	5000	0.005	0	2931
1	5000	0.005	45	1622303
2	5000	0.005	0	2925
1	5000	0.005	36	1621313
2	5000	0.005	0	2918
1	5000	0.005	29	1613668
2	5000	0.005	0	2898
1	5000	0.005	41	1630636
2	5000	0.005	0	2942
1	5000	0.01	600	6390302
2	5000	0.01	0	22208
1	5000	0.01	613	6377048
2	5000	0.01	0	22100
1	5000	0.01	693	6366575
2	5000	0.01	0	22083
1	5000	0.01	662	6328344
2	5000	0.01	0	21860
1	5000	0.01	590	6371583
2	5000	0.01	0	22110
1	5000	0.01	636	6392678
2	5000	0.01	0	22199
1	5000	0.01	597	6355828
2	5000	0.01	0	22024
1	5000	0.01	580	6348538
2	5000	0.01	0	21980
1	5000	0.02	9826	25277774
2	5000	0.02	0	171898
1	5000	0.02	10075	25233708
2	5000	0.02	1	171600
1	5000	0.02	9258	25250708
2	5000	0.02	0	171658
1	5000	0.02	10023	25269750
2	5000	0.02	2	171885
1	5000	0.02	9767	25120851
2	5000	0.02	0	170414
1	5000	0.02	9867	25244149
2	5000	0.02	3	171645
1	5000	0.02	9950	25185775
2	5000	0.02	2	171050
1	5000	0.02	10292	25245937
2	5000	0.02	0	171670
1	5000	0.05	390973	156661301
2	5000	0.05	318	2629484
1	5000	0.05	388263	156277645
2	5000	0.05	344	2621066
1	5000	0.05	388720	157142549
2	5000	0.05	326	2642133
1	5000	0.05	392949	156497572
2	5000	0.05	325	2626087
1	5000	0.05	399674	157550222
2	5000	0.05	351	2652486
1	5000	0.05	395233	156597691
2	5000	0.05	330	2628616
1	5000	0.05	389123	156628113
2	5000	0.05	314	2629385
1	5000	0.05	398607	157197664
2	5000	0.05	314	2643906
1	5000	0.1	6247909	624551496
2	5000	0.1	20907	20874829
1	5000	0.1	6241688	625767346
2	5000	0.1	20722	20932937
1	5000	0.1	6206337	624811073
2	5000	0.1	20634	20887264
1	5000	0.1	6266965	626025458
2	5000	0.1	21003	20948213
1	5000	0.1	6263013	625761176
2	5000	0.1	20557	20932569
1	5000	0.1	6268423	625938661
2	5000	0.1	20764	20940883
1	5000	0.1	6266983	625685130
2	5000	0.1	21048	20930213
1	5000	0.1	6194065	625240588
2	5000	0.1	20927	20907885
1	5000	0.2	100371647	2147483647
2	5000	0.2	1341854	167115286
1	5000	0.2	99956161	2147483647
2	5000	0.2	1333784	166987368
1	5000	0.2	100353761	2147483647
2	5000	0.2	1340157	167269020
1	5000	0.2	99879710	2147483647
2	5000	0.2	1332552	166944394
1	5000	0.2	99348688	2147483647
2	5000	0.2	1320525	166543221
1	5000	0.2	99917655	2147483647
2	5000	0.2	1332406	166758854
1	5000	0.2	100161384	2147483647
2	5000	0.2	1337519	167053935
1	5000	0.2	99825247	2147483647
2	5000	0.2	1330625	166791608
1	10000	0.001	0	547339
2	10000	0.001	0	219
1	10000	0.001	1	548552
2	10000	0.001	0	221
1	10000	0.001	1	553144
2	10000	0.001	0	223
1	10000	0.001	1	546500
2	10000	0.001	0	219
1	10000	0.001	0	551342
2	10000	0.001	0	222
1	10000	0.001	1	548551
2	10000	0.001	0	220
1	10000	0.002	8	2101624
2	10000	0.002	0	1545
1	10000	0.002	8	2087663
2	10000	0.002	0	1530
1	10000	0.002	15	2099097
2	10000	0.002	0	1541
1	10000	0.002	7	2118175
2	10000	0.002	0	1563
1	10000	0.002	9	2102703
2	10000	0.002	0	1545
1	10000	0.002	6	2092901
2	10000	0.002	0	1535
1	10000	0.005	317	12807194
2	10000	0.005	0	22252
1	10000	0.005	301	12754356
2	10000	0.005	0	22119
1	10000	0.005	299	12790644
2	10000	0.005	0	22220
1	10000	0.005	343	12767829
2	10000	0.005	0	22140
1	10000	0.005	302	12812884
2	10000	0.005	0	22275
1	10000	0.005	298	12746404
2	10000	0.005	0	22106
1	10000	0.01	5038	50564615
2	10000	0.01	0	172050
1	10000	0.01	5028	50388924
2	10000	0.01	0	171156
1	10000	0.01	4931	50477740
2	10000	0.01	0	171600
1	10000	0.01	4875	50508871
2	10000	0.01	1	171817
1	10000	0.01	4849	50496746
2	10000	0.01	0	171677
1	10000	0.01	5129	50400229
2	10000	0.01	0	171225
1	10000	0.02	81202	200707271
2	10000	0.02	8	1350394
1	10000	0.02	79923	200876206
2	10000	0.02	12	1352300
1	10000	0.02	80072	200518595
2	10000	0.02	10	1348671
1	10000	0.02	79549	201048660
2	10000	0.02	14	1353974
1	10000	0.02	82433	201179405
2	10000	0.02	12	1355151
1	10000	0.02	80557	200701068
2	10000	0.02	7	1350239
1	10000	0.05	3126124	1250871376
2	10000	0.05	2538	20917139
1	10000	0.05	3151199	1251915475
2	10000	0.05	2636	20943864
1	10000	0.05	3108211	1250511730
2	10000	0.05	2652	20908641
1	10000	0.05	3150162	1251582088
2	10000	0.05	2638	20934120
1	10000	0.05	3177765	1250903285
2	10000	0.05	2653	20918075
1	10000	0.05	3140342	1253169466
2	10000	0.05	2687	20975456
1	10000	0.1	49802845	2147483647
2	10000	0.1	165578	166884061
1	10000	0.1	49985167	2147483647
2	10000	0.1	165857	167011515
1	10000	0.1	50109328	2147483647
2	10000	0.1	166583	167032325
1	10000	0.1	49876345	2147483647
2	10000	0.1	165715	167006513
1	10000	0.1	49975090	2147483647
2	10000	0.1	166459	166868916
1	10000	0.1	50149336	2147483647
2	10000	0.1	166987	167255876
1	20000	0.001	6	4200232
2	20000	0.001	0	1544
1	20000	0.001	4	4186042
2	20000	0.001	0	1537
1	20000	0.001	1	4187879
2	20000	0.001	0	1536
1	20000	0.001	4	4202927
2	20000	0.001	0	1546
1	20000	0.001	6	4204412
2	20000	0.001	0	1548
1	20000	0.001	2	4182975
2	20000	0.001	0	1533
1	20000	0.002	60	16374771
2	20000	0.002	0	11460
1	20000	0.002	65	16386147
2	20000	0.002	0	11468
1	20000	0.002	71	16296113
2	20000	0.002	0	11378
1	20000	0.002	71	16360418
2	20000	0.002	0	11441
1	20000	0.002	56	16416039
2	20000	0.002	0	11499
1	20000	0.002	72	16370121
2	20000	0.002	0	11459
1	20000	0.005	2533	101110729
2	20000	0.005	0	171997
1	20000	0.005	2607	100763074
2	20000	0.005	0	171143
1	20000	0.005	2410	101142714
2	20000	0.005	0	172071
1	20000	0.005	2563	101082803
2	20000	0.005	0	171965
1	20000	0.005	2485	101119596
2	20000	0.005	0	172027
1	20000	0.005	2642	101184617
2	20000	0.005	0	172193
1	20000	0.01	38881	401595603
2	20000	0.01	1	1351583
1	20000	0.01	40175	402386110
2	20000	0.01	1	1355431
1	20000	0.01	40908	402000840
2	20000	0.01	1	1353342
1	20000	0.01	40147	401706560
2	20000	0.01	0	1351974
1	20000	0.01	40280	401632690
2	20000	0.01	2	1351410
1	20000	0.01	40554	402185740
2	20000	0.01	1	1354499
1	20000	0.02	649070	1604100130
2	20000	0.02	76	10748250
1	20000	0.02	643458	1603385104
2	20000	0.02	86	10740379
1	20000	0.02	639247	1604250743
2	20000	0.02	91	10749549
1	20000	0.02	644709	1604882671
2	20000	0.02	93	10756259
1	20000	0.02	631742	1604186906
2	20000	0.02	77	10748907
1	20000	0.02	648368	1605178416
2	20000	0.02	97	10758233
1	20000	0.05	24980313	2147483647
2	20000	0.05	20882	167067728
1	20000	0.05	25005354	2147483647
2	20000	0.05	20745	167082552
1	20000	0.05	25004203	2147483647
2	20000	0.05	20847	167190557
1	20000	0.05	25184034	2147483647
2	20000	0.05	20807	167328204
1	20000	0.05	24852233	2147483647
2	20000	0.05	20891	167164112
1	20000	0.05	25064375	2147483647
2	20000	0.05	20887	167074640
