motif	num_nodes	erdos_p	num_nodes	mean
1	200	1	375	472
2	200	1	0	0
3	200	1	0	4
4	200	1	0	0
5	200	1	0	0
6	200	1	0	0
7	200	1	0	0
8	200	1	0	0
9	200	1	187	197
10	200	1	0	0
11	200	1	0	0
12	200	1	0	4
13	200	1	0	99
1	200	1	350	447
2	200	1	0	0
3	200	1	0	4
4	200	1	0	0
5	200	1	0	0
6	200	1	0	0
7	200	1	0	0
8	200	1	0	0
9	200	1	193	197
10	200	1	0	0
11	200	1	0	0
12	200	1	0	4
13	200	1	0	98
1	200	1	278	375
2	200	1	0	0
3	200	1	0	3
4	200	1	0	0
5	200	1	0	0
6	200	1	0	0
7	200	1	0	0
8	200	1	0	0
9	200	1	194	197
10	200	1	0	0
11	200	1	0	0
12	200	1	0	3
13	200	1	0	99
1	200	1	476	572
2	200	1	0	0
3	200	1	0	5
4	200	1	0	0
5	200	1	0	0
6	200	1	0	0
7	200	1	0	0
8	200	1	0	0
9	200	1	189	197
10	200	1	0	0
11	200	1	0	0
12	200	1	0	5
13	200	1	0	99
1	200	1	1259	1351
2	200	1	0	0
3	200	1	0	13
4	200	1	0	0
5	200	1	0	0
6	200	1	0	0
7	200	1	0	0
8	200	1	0	0
9	200	1	155	197
10	200	1	0	0
11	200	1	0	0
12	200	1	0	13
13	200	1	0	99
1	200	1	1053	1146
2	200	1	0	0
3	200	1	0	11
4	200	1	0	0
5	200	1	0	0
6	200	1	0	0
7	200	1	0	0
8	200	1	0	0
9	200	1	183	197
10	200	1	0	0
11	200	1	0	0
12	200	1	0	11
13	200	1	0	99
1	200	1	866	960
2	200	1	0	0
3	200	1	0	9
4	200	1	0	0
5	200	1	0	0
6	200	1	0	0
7	200	1	0	0
8	200	1	0	0
9	200	1	176	197
10	200	1	0	0
11	200	1	0	0
12	200	1	0	9
13	200	1	0	99
1	200	1	725	820
2	200	1	0	0
3	200	1	0	8
4	200	1	0	0
5	200	1	0	0
6	200	1	0	0
7	200	1	0	0
8	200	1	0	0
9	200	1	172	197
10	200	1	0	0
11	200	1	0	0
12	200	1	0	8
13	200	1	0	99
1	200	1	13228	13260
2	200	1	0	0
3	200	1	0	133
4	200	1	0	0
5	200	1	0	0
6	200	1	0	44
7	200	1	0	0
8	200	1	0	0
9	200	1	36	197
10	200	1	0	0
11	200	1	0	0
12	200	1	0	132
13	200	1	0	99
1	200	1	11412	11453
2	200	1	0	0
3	200	1	0	115
4	200	1	0	0
5	200	1	0	0
6	200	1	0	33
7	200	1	0	0
8	200	1	0	0
9	200	1	48	197
10	200	1	0	0
11	200	1	0	0
12	200	1	0	114
13	200	1	0	98
1	200	1	15064	15087
2	200	1	0	0
3	200	1	0	151
4	200	1	0	0
5	200	1	0	0
6	200	1	0	58
7	200	1	0	0
8	200	1	0	0
9	200	1	25	197
10	200	1	0	0
11	200	1	0	0
12	200	1	0	150
13	200	1	0	98
1	200	1	11978	12016
2	200	1	0	0
3	200	1	0	120
4	200	1	0	0
5	200	1	0	0
6	200	1	0	36
7	200	1	0	0
8	200	1	0	0
9	200	1	44	197
10	200	1	0	0
11	200	1	0	0
12	200	1	0	120
13	200	1	0	98
1	200	2	1382	1572
2	200	2	0	2
3	200	2	28	31
4	200	2	0	0
5	200	2	0	0
6	200	2	0	0
7	200	2	0	0
8	200	2	0	0
9	200	2	744	784
10	200	2	0	0
11	200	2	0	7
12	200	2	0	31
13	200	2	198	394
1	200	2	1402	1592
2	200	2	0	2
3	200	2	32	31
4	200	2	0	0
5	200	2	0	0
6	200	2	0	0
7	200	2	0	0
8	200	2	0	0
9	200	2	749	784
10	200	2	0	0
11	200	2	0	7
12	200	2	0	31
13	200	2	198	394
1	200	2	1463	1653
2	200	2	0	2
3	200	2	21	33
4	200	2	0	0
5	200	2	0	0
6	200	2	0	0
7	200	2	0	0
8	200	2	0	0
9	200	2	735	784
10	200	2	0	0
11	200	2	0	7
12	200	2	0	32
13	200	2	198	394
1	200	2	1464	1654
2	200	2	0	2
3	200	2	34	33
4	200	2	0	0
5	200	2	0	0
6	200	2	0	0
7	200	2	0	0
8	200	2	0	0
9	200	2	722	784
10	200	2	0	0
11	200	2	0	7
12	200	2	0	32
13	200	2	198	394
1	200	2	3586	3765
2	200	2	0	2
3	200	2	56	75
4	200	2	0	0
5	200	2	0	0
6	200	2	0	3
7	200	2	0	0
8	200	2	0	0
9	200	2	649	784
10	200	2	0	0
11	200	2	0	7
12	200	2	0	75
13	200	2	198	394
1	200	2	4596	4770
2	200	2	0	2
3	200	2	74	95
4	200	2	0	0
5	200	2	0	0
6	200	2	0	5
7	200	2	0	0
8	200	2	0	0
9	200	2	622	784
10	200	2	0	0
11	200	2	0	7
12	200	2	0	95
13	200	2	198	394
1	200	2	4546	4720
2	200	2	0	2
3	200	2	62	94
4	200	2	0	0
5	200	2	0	0
6	200	2	0	5
7	200	2	0	0
8	200	2	0	0
9	200	2	625	784
10	200	2	0	0
11	200	2	0	7
12	200	2	0	94
13	200	2	198	394
1	200	2	4632	4806
2	200	2	0	2
3	200	2	65	96
4	200	2	0	0
5	200	2	0	0
6	200	2	0	5
7	200	2	0	0
8	200	2	0	0
9	200	2	635	784
10	200	2	0	0
11	200	2	0	7
12	200	2	0	95
13	200	2	198	394
1	200	2	29845	29892
2	200	2	0	2
3	200	2	189	600
4	200	2	0	0
5	200	2	0	2
6	200	2	0	228
7	200	2	0	5
8	200	2	0	4
9	200	2	273	784
10	200	2	0	3
11	200	2	0	7
12	200	2	0	596
13	200	2	198	394
1	200	2	30357	30401
2	200	2	0	2
3	200	2	192	610
4	200	2	0	0
5	200	2	0	3
6	200	2	0	236
7	200	2	0	6
8	200	2	0	4
9	200	2	263	784
10	200	2	0	3
11	200	2	0	7
12	200	2	0	606
13	200	2	198	394
1	200	2	24379	24453
2	200	2	0	2
3	200	2	178	490
4	200	2	0	0
5	200	2	0	2
6	200	2	0	152
7	200	2	0	4
8	200	2	0	3
9	200	2	342	784
10	200	2	0	2
11	200	2	0	7
12	200	2	0	487
13	200	2	198	394
1	200	2	23277	23357
2	200	2	0	2
3	200	2	162	468
4	200	2	0	0
5	200	2	0	2
6	200	2	0	139
7	200	2	0	4
8	200	2	0	2
9	200	2	348	784
10	200	2	0	2
11	200	2	0	7
12	200	2	0	465
13	200	2	198	394
1	200	3	3014	3294
2	200	3	0	8
3	200	3	106	99
4	200	3	0	0
5	200	3	0	0
6	200	3	0	2
7	200	3	0	1
8	200	3	0	0
9	200	3	1612	1755
10	200	3	0	0
11	200	3	0	26
12	200	3	0	98
13	200	3	592	884
1	200	3	2871	3152
2	200	3	0	8
3	200	3	107	94
4	200	3	0	0
5	200	3	0	0
6	200	3	0	2
7	200	3	0	1
8	200	3	0	0
9	200	3	1647	1755
10	200	3	0	0
11	200	3	0	26
12	200	3	0	94
13	200	3	592	884
1	200	3	2933	3213
2	200	3	0	8
3	200	3	110	96
4	200	3	0	0
5	200	3	0	0
6	200	3	0	2
7	200	3	0	1
8	200	3	0	0
9	200	3	1641	1755
10	200	3	0	0
11	200	3	0	26
12	200	3	0	95
13	200	3	592	884
1	200	3	2806	3087
2	200	3	0	8
3	200	3	101	92
4	200	3	0	0
5	200	3	0	0
6	200	3	0	2
7	200	3	0	1
8	200	3	0	0
9	200	3	1664	1755
10	200	3	0	0
11	200	3	0	26
12	200	3	0	92
13	200	3	592	884
1	200	3	9534	9781
2	200	3	0	8
3	200	3	258	294
4	200	3	0	0
5	200	3	0	2
6	200	3	0	24
7	200	3	0	4
8	200	3	0	0
9	200	3	1390	1755
10	200	3	0	2
11	200	3	0	26
12	200	3	0	291
13	200	3	592	884
1	200	3	10873	11113
2	200	3	0	8
3	200	3	301	334
4	200	3	0	0
5	200	3	0	2
6	200	3	0	31
7	200	3	0	4
8	200	3	0	0
9	200	3	1398	1755
10	200	3	0	2
11	200	3	0	26
12	200	3	0	331
13	200	3	592	884
1	200	3	10366	10609
2	200	3	0	8
3	200	3	276	319
4	200	3	0	0
5	200	3	0	2
6	200	3	0	28
7	200	3	0	4
8	200	3	0	0
9	200	3	1335	1755
10	200	3	0	2
11	200	3	0	26
12	200	3	0	316
13	200	3	592	884
1	200	3	9918	10163
2	200	3	0	8
3	200	3	250	305
4	200	3	0	0
5	200	3	0	2
6	200	3	0	26
7	200	3	0	4
8	200	3	0	0
9	200	3	1325	1755
10	200	3	0	2
11	200	3	0	26
12	200	3	0	303
13	200	3	592	884
1	200	3	40831	40921
2	200	3	0	8
3	200	3	559	1231
4	200	3	0	1
5	200	3	0	9
6	200	3	0	428
7	200	3	0	18
8	200	3	0	12
9	200	3	778	1755
10	200	3	0	9
11	200	3	0	26
12	200	3	0	1221
13	200	3	592	884
1	200	3	35884	35999
2	200	3	0	8
3	200	3	556	1082
4	200	3	0	1
5	200	3	0	8
6	200	3	0	331
7	200	3	0	16
8	200	3	0	9
9	200	3	840	1755
10	200	3	0	8
11	200	3	0	26
12	200	3	0	1074
13	200	3	592	884
1	200	3	40248	40341
2	200	3	0	8
3	200	3	540	1213
4	200	3	0	1
5	200	3	0	9
6	200	3	0	416
7	200	3	0	18
8	200	3	0	12
9	200	3	785	1755
10	200	3	0	9
11	200	3	0	26
12	200	3	0	1204
13	200	3	592	884
1	200	3	33349	33476
2	200	3	0	8
3	200	3	502	1007
4	200	3	0	0
5	200	3	0	7
6	200	3	0	286
7	200	3	0	15
8	200	3	0	8
9	200	3	899	1755
10	200	3	0	7
11	200	3	0	26
12	200	3	0	999
13	200	3	592	884
1	200	6	10758	11290
2	200	6	0	68
3	200	6	843	677
4	200	6	0	0
5	200	6	0	10
6	200	6	0	32
7	200	6	0	20
8	200	6	0	1
9	200	6	6264	6915
10	200	6	0	10
11	200	6	0	207
12	200	6	0	668
13	200	6	2930	3501
1	200	6	10922	11453
2	200	6	0	68
3	200	6	839	687
4	200	6	0	0
5	200	6	0	10
6	200	6	0	33
7	200	6	0	20
8	200	6	0	2
9	200	6	6219	6915
10	200	6	0	10
11	200	6	0	207
12	200	6	0	678
13	200	6	2930	3501
1	200	6	11557	12085
2	200	6	0	68
3	200	6	904	725
4	200	6	0	0
5	200	6	0	10
6	200	6	0	37
7	200	6	0	21
8	200	6	0	2
9	200	6	6242	6915
10	200	6	0	10
11	200	6	0	207
12	200	6	0	716
13	200	6	2930	3501
1	200	6	10790	11322
2	200	6	0	68
3	200	6	857	679
4	200	6	0	0
5	200	6	0	10
6	200	6	0	32
7	200	6	0	20
8	200	6	0	1
9	200	6	6194	6915
10	200	6	0	10
11	200	6	0	207
12	200	6	0	670
13	200	6	2930	3501
1	200	6	36163	36567
2	200	6	0	68
3	200	6	1955	2194
4	200	6	0	1
5	200	6	0	32
6	200	6	0	343
7	200	6	0	64
8	200	6	0	20
9	200	6	4975	6915
10	200	6	0	32
11	200	6	0	207
12	200	6	0	2166
13	200	6	2930	3501
1	200	6	30967	31397
2	200	6	0	68
3	200	6	1750	1883
4	200	6	0	0
5	200	6	0	27
6	200	6	0	253
7	200	6	0	55
8	200	6	0	15
9	200	6	5191	6915
10	200	6	0	28
11	200	6	0	207
12	200	6	0	1860
13	200	6	2930	3501
1	200	6	37175	37574
2	200	6	0	68
3	200	6	1978	2254
4	200	6	0	1
5	200	6	0	33
6	200	6	0	362
7	200	6	0	66
8	200	6	0	21
9	200	6	4879	6915
10	200	6	0	33
11	200	6	0	207
12	200	6	0	2226
13	200	6	2930	3501
1	200	6	32025	32450
2	200	6	0	68
3	200	6	1790	1947
4	200	6	0	0
5	200	6	0	28
6	200	6	0	270
7	200	6	0	57
8	200	6	0	16
9	200	6	5168	6915
10	200	6	0	29
11	200	6	0	207
12	200	6	0	1922
13	200	6	2930	3501
1	200	6	94220	94333
2	200	6	0	68
3	200	6	2860	5660
4	200	6	0	18
5	200	6	0	83
6	200	6	0	2287
7	200	6	0	167
8	200	6	0	137
9	200	6	3325	6915
10	200	6	0	84
11	200	6	0	207
12	200	6	0	5588
13	200	6	2930	3501
1	200	6	90832	90962
2	200	6	0	68
3	200	6	2845	5458
4	200	6	0	16
5	200	6	0	80
6	200	6	0	2126
7	200	6	0	161
8	200	6	0	127
9	200	6	3368	6915
10	200	6	0	81
11	200	6	0	207
12	200	6	0	5389
13	200	6	2930	3501
1	200	6	99499	99585
2	200	6	0	68
3	200	6	2894	5975
4	200	6	0	22
5	200	6	0	88
6	200	6	0	2549
7	200	6	0	177
8	200	6	0	152
9	200	6	3239	6915
10	200	6	0	89
11	200	6	0	207
12	200	6	0	5900
13	200	6	2930	3501
1	200	6	93788	93903
2	200	6	0	68
3	200	6	2873	5634
4	200	6	0	18
5	200	6	0	83
6	200	6	0	2266
7	200	6	0	166
8	200	6	0	135
9	200	6	3257	6915
10	200	6	0	84
11	200	6	0	207
12	200	6	0	5563
13	200	6	2930	3501
1	500	1	923	1170
2	500	1	0	0
3	500	1	0	4
4	500	1	0	0
5	500	1	0	0
6	500	1	0	0
7	500	1	0	0
8	500	1	0	0
9	500	1	487	497
10	500	1	0	0
11	500	1	0	0
12	500	1	0	4
13	500	1	0	248
1	500	1	792	1039
2	500	1	0	0
3	500	1	0	4
4	500	1	0	0
5	500	1	0	0
6	500	1	0	0
7	500	1	0	0
8	500	1	0	0
9	500	1	491	497
10	500	1	0	0
11	500	1	0	0
12	500	1	0	4
13	500	1	0	248
1	500	1	911	1158
2	500	1	0	0
3	500	1	0	4
4	500	1	0	0
5	500	1	0	0
6	500	1	0	0
7	500	1	0	0
8	500	1	0	0
9	500	1	483	497
10	500	1	0	0
11	500	1	0	0
12	500	1	0	4
13	500	1	0	249
1	500	1	996	1243
2	500	1	0	0
3	500	1	0	4
4	500	1	0	0
5	500	1	0	0
6	500	1	0	0
7	500	1	0	0
8	500	1	0	0
9	500	1	490	497
10	500	1	0	0
11	500	1	0	0
12	500	1	0	4
13	500	1	0	249
1	500	1	1737	1982
2	500	1	0	0
3	500	1	0	7
4	500	1	0	0
5	500	1	0	0
6	500	1	0	0
7	500	1	0	0
8	500	1	0	0
9	500	1	468	497
10	500	1	0	0
11	500	1	0	0
12	500	1	0	7
13	500	1	0	249
1	500	1	2597	2840
2	500	1	0	0
3	500	1	0	11
4	500	1	0	0
5	500	1	0	0
6	500	1	0	0
7	500	1	0	0
8	500	1	0	0
9	500	1	443	497
10	500	1	0	0
11	500	1	0	0
12	500	1	0	11
13	500	1	0	249
1	500	1	2270	2514
2	500	1	0	0
3	500	1	0	10
4	500	1	0	0
5	500	1	0	0
6	500	1	0	0
7	500	1	0	0
8	500	1	0	0
9	500	1	475	497
10	500	1	0	0
11	500	1	0	0
12	500	1	0	10
13	500	1	0	249
1	500	1	2106	2350
2	500	1	0	0
3	500	1	0	9
4	500	1	0	0
5	500	1	0	0
6	500	1	0	0
7	500	1	0	0
8	500	1	0	0
9	500	1	459	497
10	500	1	0	0
11	500	1	0	0
12	500	1	0	9
13	500	1	0	249
1	500	1	102843	102885
2	500	1	0	0
3	500	1	0	412
4	500	1	0	0
5	500	1	0	0
6	500	1	0	170
7	500	1	0	0
8	500	1	0	0
9	500	1	45	497
10	500	1	0	0
11	500	1	0	0
12	500	1	0	411
13	500	1	0	248
1	500	1	103322	103363
2	500	1	0	0
3	500	1	0	414
4	500	1	0	0
5	500	1	0	0
6	500	1	0	172
7	500	1	0	0
8	500	1	0	0
9	500	1	44	497
10	500	1	0	0
11	500	1	0	0
12	500	1	0	413
13	500	1	0	248
1	500	1	104668	104707
2	500	1	0	0
3	500	1	0	419
4	500	1	0	0
5	500	1	0	0
6	500	1	0	176
7	500	1	0	0
8	500	1	0	0
9	500	1	41	497
10	500	1	0	0
11	500	1	0	0
12	500	1	0	418
13	500	1	0	248
1	500	1	103312	103353
2	500	1	0	0
3	500	1	0	414
4	500	1	0	0
5	500	1	0	0
6	500	1	0	172
7	500	1	0	0
8	500	1	0	0
9	500	1	44	497
10	500	1	0	0
11	500	1	0	0
12	500	1	0	413
13	500	1	0	248
1	500	2	3437	3927
2	500	2	0	2
3	500	2	36	31
4	500	2	0	0
5	500	2	0	0
6	500	2	0	0
7	500	2	0	0
8	500	2	0	0
9	500	2	1923	1984
10	500	2	0	0
11	500	2	0	7
12	500	2	0	31
13	500	2	498	994
1	500	2	3880	4369
2	500	2	0	2
3	500	2	47	35
4	500	2	0	0
5	500	2	0	0
6	500	2	0	0
7	500	2	0	0
8	500	2	0	0
9	500	2	1902	1984
10	500	2	0	0
11	500	2	0	7
12	500	2	0	34
13	500	2	498	994
1	500	2	3571	4061
2	500	2	0	2
3	500	2	39	32
4	500	2	0	0
5	500	2	0	0
6	500	2	0	0
7	500	2	0	0
8	500	2	0	0
9	500	2	1932	1984
10	500	2	0	0
11	500	2	0	7
12	500	2	0	32
13	500	2	498	994
1	500	2	3667	4157
2	500	2	0	2
3	500	2	33	33
4	500	2	0	0
5	500	2	0	0
6	500	2	0	0
7	500	2	0	0
8	500	2	0	0
9	500	2	1927	1984
10	500	2	0	0
11	500	2	0	7
12	500	2	0	33
13	500	2	498	994
1	500	2	20292	20748
2	500	2	0	2
3	500	2	126	166
4	500	2	0	0
5	500	2	0	0
6	500	2	0	6
7	500	2	0	0
8	500	2	0	0
9	500	2	1760	1984
10	500	2	0	0
11	500	2	0	7
12	500	2	0	165
13	500	2	498	994
1	500	2	17448	17910
2	500	2	0	2
3	500	2	122	143
4	500	2	0	0
5	500	2	0	0
6	500	2	0	5
7	500	2	0	0
8	500	2	0	0
9	500	2	1660	1984
10	500	2	0	0
11	500	2	0	7
12	500	2	0	143
13	500	2	498	994
1	500	2	18022	18483
2	500	2	0	2
3	500	2	126	148
4	500	2	0	0
5	500	2	0	0
6	500	2	0	5
7	500	2	0	0
8	500	2	0	0
9	500	2	1667	1984
10	500	2	0	0
11	500	2	0	7
12	500	2	0	147
13	500	2	498	994
1	500	2	18568	19028
2	500	2	0	2
3	500	2	140	152
4	500	2	0	0
5	500	2	0	0
6	500	2	0	5
7	500	2	0	0
8	500	2	0	0
9	500	2	1650	1984
10	500	2	0	0
11	500	2	0	7
12	500	2	0	152
13	500	2	498	994
1	500	2	143400	143610
2	500	2	0	2
3	500	2	364	1150
4	500	2	0	0
5	500	2	0	2
6	500	2	0	332
7	500	2	0	4
8	500	2	0	2
9	500	2	966	1984
10	500	2	0	2
11	500	2	0	7
12	500	2	0	1147
13	500	2	498	994
1	500	2	138403	138623
2	500	2	0	2
3	500	2	449	1110
4	500	2	0	0
5	500	2	0	2
6	500	2	0	310
7	500	2	0	4
8	500	2	0	2
9	500	2	1026	1984
10	500	2	0	2
11	500	2	0	7
12	500	2	0	1107
13	500	2	498	994
1	500	2	212600	212671
2	500	2	0	2
3	500	2	493	1703
4	500	2	0	0
5	500	2	0	3
6	500	2	0	729
7	500	2	0	6
8	500	2	0	5
9	500	2	606	1984
10	500	2	0	3
11	500	2	0	7
12	500	2	0	1699
13	500	2	498	994
1	500	2	183946	184074
2	500	2	0	2
3	500	2	488	1474
4	500	2	0	0
5	500	2	0	2
6	500	2	0	546
7	500	2	0	5
8	500	2	0	4
9	500	2	688	1984
10	500	2	0	2
11	500	2	0	7
12	500	2	0	1471
13	500	2	498	994
1	500	3	7931	8660
2	500	3	0	8
3	500	3	139	104
4	500	3	0	0
5	500	3	0	0
6	500	3	0	1
7	500	3	0	0
8	500	3	0	0
9	500	3	4309	4455
10	500	3	0	0
11	500	3	0	26
12	500	3	0	103
13	500	3	1492	2234
1	500	3	8178	8907
2	500	3	0	8
3	500	3	155	107
4	500	3	0	0
5	500	3	0	0
6	500	3	0	1
7	500	3	0	0
8	500	3	0	0
9	500	3	4269	4455
10	500	3	0	0
11	500	3	0	26
12	500	3	0	106
13	500	3	1492	2234
1	500	3	8077	8806
2	500	3	0	8
3	500	3	155	105
4	500	3	0	0
5	500	3	0	0
6	500	3	0	1
7	500	3	0	0
8	500	3	0	0
9	500	3	4298	4455
10	500	3	0	0
11	500	3	0	26
12	500	3	0	105
13	500	3	1492	2234
1	500	3	8494	9222
2	500	3	0	8
3	500	3	132	110
4	500	3	0	0
5	500	3	0	0
6	500	3	0	1
7	500	3	0	0
8	500	3	0	0
9	500	3	4261	4455
10	500	3	0	0
11	500	3	0	26
12	500	3	0	110
13	500	3	1492	2234
1	500	3	45561	46215
2	500	3	0	8
3	500	3	560	555
4	500	3	0	0
5	500	3	0	1
6	500	3	0	34
7	500	3	0	3
8	500	3	0	0
9	500	3	3629	4455
10	500	3	0	1
11	500	3	0	26
12	500	3	0	553
13	500	3	1492	2234
1	500	3	33113	33792
2	500	3	0	8
3	500	3	423	405
4	500	3	0	0
5	500	3	0	1
6	500	3	0	18
7	500	3	0	2
8	500	3	0	0
9	500	3	3913	4455
10	500	3	0	1
11	500	3	0	26
12	500	3	0	404
13	500	3	1492	2234
1	500	3	36367	37039
2	500	3	0	8
3	500	3	495	444
4	500	3	0	0
5	500	3	0	1
6	500	3	0	22
7	500	3	0	2
8	500	3	0	0
9	500	3	3666	4455
10	500	3	0	1
11	500	3	0	26
12	500	3	0	443
13	500	3	1492	2234
1	500	3	37679	38348
2	500	3	0	8
3	500	3	452	460
4	500	3	0	0
5	500	3	0	1
6	500	3	0	23
7	500	3	0	2
8	500	3	0	0
9	500	3	3726	4455
10	500	3	0	1
11	500	3	0	26
12	500	3	0	459
13	500	3	1492	2234
1	500	3	261987	262207
2	500	3	0	8
3	500	3	1449	3149
4	500	3	0	1
5	500	3	0	9
6	500	3	0	1110
7	500	3	0	18
8	500	3	0	13
9	500	3	2010	4455
10	500	3	0	9
11	500	3	0	26
12	500	3	0	3140
13	500	3	1492	2234
1	500	3	302582	302721
2	500	3	0	8
3	500	3	1469	3636
4	500	3	0	2
5	500	3	0	10
6	500	3	0	1479
7	500	3	0	21
8	500	3	0	17
9	500	3	1809	4455
10	500	3	0	10
11	500	3	0	26
12	500	3	0	3625
13	500	3	1492	2234
1	500	3	247854	248102
2	500	3	0	8
3	500	3	1345	2980
4	500	3	0	1
5	500	3	0	8
6	500	3	0	993
7	500	3	0	17
8	500	3	0	11
9	500	3	2260	4455
10	500	3	0	8
11	500	3	0	26
12	500	3	0	2971
13	500	3	1492	2234
1	500	3	232840	233118
2	500	3	0	8
3	500	3	1381	2800
4	500	3	0	1
5	500	3	0	8
6	500	3	0	877
7	500	3	0	16
8	500	3	0	10
9	500	3	2395	4455
10	500	3	0	8
11	500	3	0	26
12	500	3	0	2791
13	500	3	1492	2234
1	500	6	31987	33409
2	500	6	0	70
3	500	6	1187	801
4	500	6	0	0
5	500	6	0	4
6	500	6	0	18
7	500	6	0	9
8	500	6	0	0
9	500	6	16563	17713
10	500	6	0	4
11	500	6	0	212
12	500	6	0	797
13	500	6	7430	8901
1	500	6	31492	32915
2	500	6	0	70
3	500	6	1220	790
4	500	6	0	0
5	500	6	0	4
6	500	6	0	17
7	500	6	0	9
8	500	6	0	0
9	500	6	16648	17713
10	500	6	0	4
11	500	6	0	212
12	500	6	0	786
13	500	6	7430	8901
1	500	6	32659	34080
2	500	6	0	70
3	500	6	1181	817
4	500	6	0	0
5	500	6	0	4
6	500	6	0	18
7	500	6	0	9
8	500	6	0	0
9	500	6	16599	17713
10	500	6	0	4
11	500	6	0	212
12	500	6	0	813
13	500	6	7430	8901
1	500	6	29968	31394
2	500	6	0	70
3	500	6	1134	753
4	500	6	0	0
5	500	6	0	4
6	500	6	0	15
7	500	6	0	8
8	500	6	0	0
9	500	6	16766	17713
10	500	6	0	4
11	500	6	0	212
12	500	6	0	749
13	500	6	7430	8901
1	500	6	161211	162374
2	500	6	0	70
3	500	6	3988	3897
4	500	6	0	0
5	500	6	0	23
6	500	6	0	426
7	500	6	0	46
8	500	6	0	10
9	500	6	13715	17713
10	500	6	0	23
11	500	6	0	212
12	500	6	0	3877
13	500	6	7430	8901
1	500	6	166123	167276
2	500	6	0	70
3	500	6	4050	4014
4	500	6	0	0
5	500	6	0	23
6	500	6	0	452
7	500	6	0	47
8	500	6	0	10
9	500	6	13437	17713
10	500	6	0	24
11	500	6	0	212
12	500	6	0	3994
13	500	6	7430	8901
1	500	6	144453	145650
2	500	6	0	70
3	500	6	3745	3495
4	500	6	0	0
5	500	6	0	20
6	500	6	0	343
7	500	6	0	41
8	500	6	0	8
9	500	6	13936	17713
10	500	6	0	20
11	500	6	0	212
12	500	6	0	3478
13	500	6	7430	8901
1	500	6	152473	153653
2	500	6	0	70
3	500	6	3875	3687
4	500	6	0	0
5	500	6	0	22
6	500	6	0	381
7	500	6	0	44
8	500	6	0	9
9	500	6	13682	17713
10	500	6	0	22
11	500	6	0	212
12	500	6	0	3669
13	500	6	7430	8901
1	500	6	647346	647535
2	500	6	0	70
3	500	6	7357	15541
4	500	6	0	23
5	500	6	0	92
6	500	6	0	6783
7	500	6	0	185
8	500	6	0	162
9	500	6	8836	17713
10	500	6	0	93
11	500	6	0	212
12	500	6	0	15462
13	500	6	7430	8901
1	500	6	601827	602107
2	500	6	0	70
3	500	6	7131	14451
4	500	6	0	19
5	500	6	0	86
6	500	6	0	5865
7	500	6	0	172
8	500	6	0	140
9	500	6	8545	17713
10	500	6	0	86
11	500	6	0	212
12	500	6	0	14378
13	500	6	7430	8901
1	500	6	581814	582134
2	500	6	0	70
3	500	6	7318	13971
4	500	6	0	17
5	500	6	0	83
6	500	6	0	5482
7	500	6	0	166
8	500	6	0	131
9	500	6	8891	17713
10	500	6	0	83
11	500	6	0	212
12	500	6	0	13901
13	500	6	7430	8901
1	500	6	641722	641922
2	500	6	0	70
3	500	6	7304	15406
4	500	6	0	23
5	500	6	0	91
6	500	6	0	6666
7	500	6	0	183
8	500	6	0	160
9	500	6	8102	17713
10	500	6	0	92
11	500	6	0	212
12	500	6	0	15328
13	500	6	7430	8901
1	1000	1	1721	2218
2	1000	1	0	0
3	1000	1	0	4
4	1000	1	0	0
5	1000	1	0	0
6	1000	1	0	0
7	1000	1	0	0
8	1000	1	0	0
9	1000	1	979	997
10	1000	1	0	0
11	1000	1	0	0
12	1000	1	0	4
13	1000	1	0	499
1	1000	1	1905	2402
2	1000	1	0	0
3	1000	1	0	4
4	1000	1	0	0
5	1000	1	0	0
6	1000	1	0	0
7	1000	1	0	0
8	1000	1	0	0
9	1000	1	989	997
10	1000	1	0	0
11	1000	1	0	0
12	1000	1	0	4
13	1000	1	0	499
1	1000	1	1860	2357
2	1000	1	0	0
3	1000	1	0	4
4	1000	1	0	0
5	1000	1	0	0
6	1000	1	0	0
7	1000	1	0	0
8	1000	1	0	0
9	1000	1	986	997
10	1000	1	0	0
11	1000	1	0	0
12	1000	1	0	4
13	1000	1	0	498
1	1000	1	1812	2309
2	1000	1	0	0
3	1000	1	0	4
4	1000	1	0	0
5	1000	1	0	0
6	1000	1	0	0
7	1000	1	0	0
8	1000	1	0	0
9	1000	1	987	997
10	1000	1	0	0
11	1000	1	0	0
12	1000	1	0	4
13	1000	1	0	499
1	1000	1	1959	2456
2	1000	1	0	0
3	1000	1	0	4
4	1000	1	0	0
5	1000	1	0	0
6	1000	1	0	0
7	1000	1	0	0
8	1000	1	0	0
9	1000	1	989	997
10	1000	1	0	0
11	1000	1	0	0
12	1000	1	0	4
13	1000	1	0	499
1	1000	1	2119	2615
2	1000	1	0	0
3	1000	1	0	5
4	1000	1	0	0
5	1000	1	0	0
6	1000	1	0	0
7	1000	1	0	0
8	1000	1	0	0
9	1000	1	984	997
10	1000	1	0	0
11	1000	1	0	0
12	1000	1	0	5
13	1000	1	0	498
1	1000	1	5283	5776
2	1000	1	0	0
3	1000	1	0	11
4	1000	1	0	0
5	1000	1	0	0
6	1000	1	0	0
7	1000	1	0	0
8	1000	1	0	0
9	1000	1	934	997
10	1000	1	0	0
11	1000	1	0	0
12	1000	1	0	11
13	1000	1	0	499
1	1000	1	6661	7153
2	1000	1	0	0
3	1000	1	0	14
4	1000	1	0	0
5	1000	1	0	0
6	1000	1	0	0
7	1000	1	0	0
8	1000	1	0	0
9	1000	1	912	997
10	1000	1	0	0
11	1000	1	0	0
12	1000	1	0	14
13	1000	1	0	499
1	1000	1	4484	4978
2	1000	1	0	0
3	1000	1	0	9
4	1000	1	0	0
5	1000	1	0	0
6	1000	1	0	0
7	1000	1	0	0
8	1000	1	0	0
9	1000	1	942	997
10	1000	1	0	0
11	1000	1	0	0
12	1000	1	0	9
13	1000	1	0	499
1	1000	1	4751	5245
2	1000	1	0	0
3	1000	1	0	10
4	1000	1	0	0
5	1000	1	0	0
6	1000	1	0	0
7	1000	1	0	0
8	1000	1	0	0
9	1000	1	976	997
10	1000	1	0	0
11	1000	1	0	0
12	1000	1	0	10
13	1000	1	0	499
1	1000	1	5098	5591
2	1000	1	0	0
3	1000	1	0	11
4	1000	1	0	0
5	1000	1	0	0
6	1000	1	0	0
7	1000	1	0	0
8	1000	1	0	0
9	1000	1	950	997
10	1000	1	0	0
11	1000	1	0	0
12	1000	1	0	11
13	1000	1	0	499
1	1000	1	4545	5039
2	1000	1	0	0
3	1000	1	0	10
4	1000	1	0	0
5	1000	1	0	0
6	1000	1	0	0
7	1000	1	0	0
8	1000	1	0	0
9	1000	1	981	997
10	1000	1	0	0
11	1000	1	0	0
12	1000	1	0	10
13	1000	1	0	499
1	1000	1	442284	442340
2	1000	1	0	0
3	1000	1	0	885
4	1000	1	0	0
5	1000	1	0	0
6	1000	1	0	392
7	1000	1	0	0
8	1000	1	0	0
9	1000	1	58	997
10	1000	1	0	0
11	1000	1	0	0
12	1000	1	0	884
13	1000	1	0	499
1	1000	1	425529	425602
2	1000	1	0	0
3	1000	1	0	852
4	1000	1	0	0
5	1000	1	0	0
6	1000	1	0	363
7	1000	1	0	0
8	1000	1	0	0
9	1000	1	76	997
10	1000	1	0	0
11	1000	1	0	0
12	1000	1	0	851
13	1000	1	0	499
1	1000	1	410004	410092
2	1000	1	0	0
3	1000	1	0	821
4	1000	1	0	0
5	1000	1	0	0
6	1000	1	0	337
7	1000	1	0	0
8	1000	1	0	0
9	1000	1	93	997
10	1000	1	0	0
11	1000	1	0	0
12	1000	1	0	820
13	1000	1	0	498
1	1000	1	391294	391401
2	1000	1	0	0
3	1000	1	0	783
4	1000	1	0	0
5	1000	1	0	0
6	1000	1	0	307
7	1000	1	0	0
8	1000	1	0	0
9	1000	1	995	997
10	1000	1	0	0
11	1000	1	0	0
12	1000	1	0	782
13	1000	1	0	498
1	1000	1	413710	413794
2	1000	1	0	0
3	1000	1	0	828
4	1000	1	0	0
5	1000	1	0	0
6	1000	1	0	343
7	1000	1	0	0
8	1000	1	0	0
9	1000	1	89	997
10	1000	1	0	0
11	1000	1	0	0
12	1000	1	0	827
13	1000	1	0	498
1	1000	1	446044	446096
2	1000	1	0	0
3	1000	1	0	893
4	1000	1	0	0
5	1000	1	0	0
6	1000	1	0	399
7	1000	1	0	0
8	1000	1	0	0
9	1000	1	54	997
10	1000	1	0	0
11	1000	1	0	0
12	1000	1	0	892
13	1000	1	0	499
1	1000	2	7010	8000
2	1000	2	0	2
3	1000	2	36	32
4	1000	2	0	0
5	1000	2	0	0
6	1000	2	0	0
7	1000	2	0	0
8	1000	2	0	0
9	1000	2	3926	3984
10	1000	2	0	0
11	1000	2	0	7
12	1000	2	0	31
13	1000	2	998	1994
1	1000	2	7199	8189
2	1000	2	0	2
3	1000	2	35	32
4	1000	2	0	0
5	1000	2	0	0
6	1000	2	0	0
7	1000	2	0	0
8	1000	2	0	0
9	1000	2	3898	3984
10	1000	2	0	0
11	1000	2	0	7
12	1000	2	0	32
13	1000	2	998	1994
1	1000	2	8096	9085
2	1000	2	0	2
3	1000	2	47	36
4	1000	2	0	0
5	1000	2	0	0
6	1000	2	0	0
7	1000	2	0	0
8	1000	2	0	0
9	1000	2	3906	3984
10	1000	2	0	0
11	1000	2	0	7
12	1000	2	0	36
13	1000	2	998	1994
1	1000	2	7421	8411
2	1000	2	0	2
3	1000	2	41	33
4	1000	2	0	0
5	1000	2	0	0
6	1000	2	0	0
7	1000	2	0	0
8	1000	2	0	0
9	1000	2	3926	3984
10	1000	2	0	0
11	1000	2	0	7
12	1000	2	0	33
13	1000	2	998	1994
1	1000	2	7584	8573
2	1000	2	0	2
3	1000	2	42	34
4	1000	2	0	0
5	1000	2	0	0
6	1000	2	0	0
7	1000	2	0	0
8	1000	2	0	0
9	1000	2	3903	3984
10	1000	2	0	0
11	1000	2	0	7
12	1000	2	0	34
13	1000	2	998	1994
1	1000	2	7197	8187
2	1000	2	0	2
3	1000	2	33	32
4	1000	2	0	0
5	1000	2	0	0
6	1000	2	0	0
7	1000	2	0	0
8	1000	2	0	0
9	1000	2	3913	3984
10	1000	2	0	0
11	1000	2	0	7
12	1000	2	0	32
13	1000	2	998	1994
1	1000	2	27901	28870
2	1000	2	0	2
3	1000	2	106	115
4	1000	2	0	0
5	1000	2	0	0
6	1000	2	0	1
7	1000	2	0	0
8	1000	2	0	0
9	1000	2	3762	3984
10	1000	2	0	0
11	1000	2	0	7
12	1000	2	0	115
13	1000	2	998	1994
1	1000	2	38022	38981
2	1000	2	0	2
3	1000	2	128	156
4	1000	2	0	0
5	1000	2	0	0
6	1000	2	0	3
7	1000	2	0	0
8	1000	2	0	0
9	1000	2	3601	3984
10	1000	2	0	0
11	1000	2	0	7
12	1000	2	0	155
13	1000	2	998	1994
1	1000	2	33558	34521
2	1000	2	0	2
3	1000	2	154	138
4	1000	2	0	0
5	1000	2	0	0
6	1000	2	0	2
7	1000	2	0	0
8	1000	2	0	0
9	1000	2	3652	3984
10	1000	2	0	0
11	1000	2	0	7
12	1000	2	0	138
13	1000	2	998	1994
1	1000	2	37248	38208
2	1000	2	0	2
3	1000	2	132	152
4	1000	2	0	0
5	1000	2	0	0
6	1000	2	0	2
7	1000	2	0	0
8	1000	2	0	0
9	1000	2	3677	3984
10	1000	2	0	0
11	1000	2	0	7
12	1000	2	0	152
13	1000	2	998	1994
1	1000	2	47584	48533
2	1000	2	0	2
3	1000	2	198	194
4	1000	2	0	0
5	1000	2	0	0
6	1000	2	0	4
7	1000	2	0	0
8	1000	2	0	0
9	1000	2	3403	3984
10	1000	2	0	0
11	1000	2	0	7
12	1000	2	0	194
13	1000	2	998	1994
1	1000	2	56236	57177
2	1000	2	0	2
3	1000	2	202	228
4	1000	2	0	0
5	1000	2	0	0
6	1000	2	0	6
7	1000	2	0	0
8	1000	2	0	0
9	1000	2	3373	3984
10	1000	2	0	0
11	1000	2	0	7
12	1000	2	0	228
13	1000	2	998	1994
1	1000	2	646677	647027
2	1000	2	0	2
3	1000	2	894	2590
4	1000	2	0	0
5	1000	2	0	2
6	1000	2	0	840
7	1000	2	0	5
8	1000	2	0	3
9	1000	2	2199	3984
10	1000	2	0	2
11	1000	2	0	7
12	1000	2	0	2586
13	1000	2	998	1994
1	1000	2	868010	868138
2	1000	2	0	2
3	1000	2	982	3475
4	1000	2	0	0
5	1000	2	0	3
6	1000	2	0	1513
7	1000	2	0	6
8	1000	2	0	6
9	1000	2	1188	3984
10	1000	2	0	3
11	1000	2	0	7
12	1000	2	0	3470
13	1000	2	998	1994
1	1000	2	872694	872817
2	1000	2	0	2
3	1000	2	981	3493
4	1000	2	0	0
5	1000	2	0	3
6	1000	2	0	1530
7	1000	2	0	6
8	1000	2	0	6
9	1000	2	1189	3984
10	1000	2	0	3
11	1000	2	0	7
12	1000	2	0	3489
13	1000	2	998	1994
1	1000	2	717050	717329
2	1000	2	0	2
3	1000	2	967	2871
4	1000	2	0	0
5	1000	2	0	2
6	1000	2	0	1033
7	1000	2	0	5
8	1000	2	0	4
9	1000	2	2110	3984
10	1000	2	0	2
11	1000	2	0	7
12	1000	2	0	2867
13	1000	2	998	1994
1	1000	2	863832	863964
2	1000	2	0	2
3	1000	2	984	3458
4	1000	2	0	0
5	1000	2	0	3
6	1000	2	0	1499
7	1000	2	0	6
8	1000	2	0	6
9	1000	2	1200	3984
10	1000	2	0	3
11	1000	2	0	7
12	1000	2	0	3454
13	1000	2	998	1994
1	1000	2	839846	840002
2	1000	2	0	2
3	1000	2	977	3362
4	1000	2	0	0
5	1000	2	0	3
6	1000	2	0	1417
7	1000	2	0	6
8	1000	2	0	5
9	1000	2	1264	3984
10	1000	2	0	3
11	1000	2	0	7
12	1000	2	0	3358
13	1000	2	998	1994
1	1000	3	17517	18994
2	1000	3	0	8
3	1000	3	173	114
4	1000	3	0	0
5	1000	3	0	0
6	1000	3	0	0
7	1000	3	0	0
8	1000	3	0	0
9	1000	3	8751	8955
10	1000	3	0	0
11	1000	3	0	26
12	1000	3	0	113
13	1000	3	2992	4484
1	1000	3	16164	17643
2	1000	3	0	8
3	1000	3	181	105
4	1000	3	0	0
5	1000	3	0	0
6	1000	3	0	0
7	1000	3	0	0
8	1000	3	0	0
9	1000	3	8758	8955
10	1000	3	0	0
11	1000	3	0	26
12	1000	3	0	105
13	1000	3	2992	4484
1	1000	3	16330	17809
2	1000	3	0	8
3	1000	3	145	106
4	1000	3	0	0
5	1000	3	0	0
6	1000	3	0	0
7	1000	3	0	0
8	1000	3	0	0
9	1000	3	8737	8955
10	1000	3	0	0
11	1000	3	0	26
12	1000	3	0	106
13	1000	3	2992	4484
1	1000	3	18652	20128
2	1000	3	0	8
3	1000	3	180	120
4	1000	3	0	0
5	1000	3	0	0
6	1000	3	0	0
7	1000	3	0	0
8	1000	3	0	0
9	1000	3	8694	8955
10	1000	3	0	0
11	1000	3	0	26
12	1000	3	0	120
13	1000	3	2992	4484
1	1000	3	16594	18072
2	1000	3	0	8
3	1000	3	171	108
4	1000	3	0	0
5	1000	3	0	0
6	1000	3	0	0
7	1000	3	0	0
8	1000	3	0	0
9	1000	3	8709	8955
10	1000	3	0	0
11	1000	3	0	26
12	1000	3	0	108
13	1000	3	2992	4484
1	1000	3	16101	17580
2	1000	3	0	8
3	1000	3	159	105
4	1000	3	0	0
5	1000	3	0	0
6	1000	3	0	0
7	1000	3	0	0
8	1000	3	0	0
9	1000	3	8747	8955
10	1000	3	0	0
11	1000	3	0	26
12	1000	3	0	105
13	1000	3	2992	4484
1	1000	3	105687	107076
2	1000	3	0	8
3	1000	3	739	642
4	1000	3	0	0
5	1000	3	0	0
6	1000	3	0	23
7	1000	3	0	1
8	1000	3	0	0
9	1000	3	7673	8955
10	1000	3	0	0
11	1000	3	0	26
12	1000	3	0	641
13	1000	3	2992	4484
1	1000	3	103112	104504
2	1000	3	0	8
3	1000	3	701	627
4	1000	3	0	0
5	1000	3	0	0
6	1000	3	0	21
7	1000	3	0	1
8	1000	3	0	0
9	1000	3	7695	8955
10	1000	3	0	0
11	1000	3	0	26
12	1000	3	0	626
13	1000	3	2992	4484
1	1000	3	123419	124790
2	1000	3	0	8
3	1000	3	846	749
4	1000	3	0	0
5	1000	3	0	1
6	1000	3	0	31
7	1000	3	0	2
8	1000	3	0	0
9	1000	3	7415	8955
10	1000	3	0	1
11	1000	3	0	26
12	1000	3	0	747
13	1000	3	2992	4484
1	1000	3	105187	106577
2	1000	3	0	8
3	1000	3	726	639
4	1000	3	0	0
5	1000	3	0	0
6	1000	3	0	22
7	1000	3	0	1
8	1000	3	0	0
9	1000	3	7843	8955
10	1000	3	0	0
11	1000	3	0	26
12	1000	3	0	638
13	1000	3	2992	4484
1	1000	3	102343	103736
2	1000	3	0	8
3	1000	3	690	622
4	1000	3	0	0
5	1000	3	0	0
6	1000	3	0	21
7	1000	3	0	1
8	1000	3	0	0
9	1000	3	7771	8955
10	1000	3	0	0
11	1000	3	0	26
12	1000	3	0	621
13	1000	3	2992	4484
1	1000	3	127649	129016
2	1000	3	0	8
3	1000	3	857	774
4	1000	3	0	0
5	1000	3	0	1
6	1000	3	0	33
7	1000	3	0	2
8	1000	3	0	0
9	1000	3	7477	8955
10	1000	3	0	1
11	1000	3	0	26
12	1000	3	0	773
13	1000	3	2992	4484
1	1000	3	1307003	1307190
2	1000	3	0	8
3	1000	3	2952	7847
4	1000	3	0	3
5	1000	3	0	11
6	1000	3	0	3433
7	1000	3	0	23
8	1000	3	0	20
9	1000	3	3373	8955
10	1000	3	0	11
11	1000	3	0	26
12	1000	3	0	7835
13	1000	3	2992	4484
1	1000	3	1173880	1174200
2	1000	3	0	8
3	1000	3	2825	7049
4	1000	3	0	2
5	1000	3	0	10
6	1000	3	0	2770
7	1000	3	0	21
8	1000	3	0	16
9	1000	3	3713	8955
10	1000	3	0	10
11	1000	3	0	26
12	1000	3	0	7038
13	1000	3	2992	4484
1	1000	3	1357433	1357569
2	1000	3	0	8
3	1000	3	2975	8149
4	1000	3	0	3
5	1000	3	0	12
6	1000	3	0	3702
7	1000	3	0	24
8	1000	3	0	22
9	1000	3	3265	8955
10	1000	3	0	12
11	1000	3	0	26
12	1000	3	0	8137
13	1000	3	2992	4484
1	1000	3	1270406	1270629
2	1000	3	0	8
3	1000	3	2903	7628
4	1000	3	0	2
5	1000	3	0	11
6	1000	3	0	3243
7	1000	3	0	22
8	1000	3	0	19
9	1000	3	4316	8955
10	1000	3	0	11
11	1000	3	0	26
12	1000	3	0	7616
13	1000	3	2992	4484
1	1000	3	1289622	1289826
2	1000	3	0	8
3	1000	3	2952	7743
4	1000	3	0	2
5	1000	3	0	11
6	1000	3	0	3342
7	1000	3	0	23
8	1000	3	0	20
9	1000	3	3410	8955
10	1000	3	0	11
11	1000	3	0	26
12	1000	3	0	7731
13	1000	3	2992	4484
1	1000	3	1198587	1198882
2	1000	3	0	8
3	1000	3	2935	7197
4	1000	3	0	2
5	1000	3	0	10
6	1000	3	0	2887
7	1000	3	0	21
8	1000	3	0	17
9	1000	3	3652	8955
10	1000	3	0	10
11	1000	3	0	26
12	1000	3	0	7186
13	1000	3	2992	4484
1	1000	6	65145	68066
2	1000	6	0	71
3	1000	6	1418	816
4	1000	6	0	0
5	1000	6	0	2
6	1000	6	0	9
7	1000	6	0	4
8	1000	6	0	0
9	1000	6	34536	35712
10	1000	6	0	2
11	1000	6	0	214
12	1000	6	0	814
13	1000	6	14930	17901
1	1000	6	66497	69416
2	1000	6	0	71
3	1000	6	1472	833
4	1000	6	0	0
5	1000	6	0	2
6	1000	6	0	9
7	1000	6	0	4
8	1000	6	0	0
9	1000	6	34308	35712
10	1000	6	0	2
11	1000	6	0	214
12	1000	6	0	830
13	1000	6	14930	17901
1	1000	6	68941	71858
2	1000	6	0	71
3	1000	6	1563	862
4	1000	6	0	0
5	1000	6	0	2
6	1000	6	0	10
7	1000	6	0	5
8	1000	6	0	0
9	1000	6	34348	35712
10	1000	6	0	2
11	1000	6	0	214
12	1000	6	0	860
13	1000	6	14930	17901
1	1000	6	69494	72410
2	1000	6	0	71
3	1000	6	1547	868
4	1000	6	0	0
5	1000	6	0	2
6	1000	6	0	10
7	1000	6	0	5
8	1000	6	0	0
9	1000	6	34370	35712
10	1000	6	0	2
11	1000	6	0	214
12	1000	6	0	866
13	1000	6	14930	17901
1	1000	6	68612	71529
2	1000	6	0	71
3	1000	6	1523	858
4	1000	6	0	0
5	1000	6	0	2
6	1000	6	0	10
7	1000	6	0	5
8	1000	6	0	0
9	1000	6	34333	35712
10	1000	6	0	2
11	1000	6	0	214
12	1000	6	0	856
13	1000	6	14930	17901
1	1000	6	65023	67944
2	1000	6	0	71
3	1000	6	1363	815
4	1000	6	0	0
5	1000	6	0	2
6	1000	6	0	9
7	1000	6	0	4
8	1000	6	0	0
9	1000	6	34515	35712
10	1000	6	0	2
11	1000	6	0	214
12	1000	6	0	813
13	1000	6	14930	17901
1	1000	6	521296	523760
2	1000	6	0	71
3	1000	6	7228	6285
4	1000	6	0	0
5	1000	6	0	18
6	1000	6	0	551
7	1000	6	0	37
8	1000	6	0	6
9	1000	6	27830	35712
10	1000	6	0	18
11	1000	6	0	214
12	1000	6	0	6269
13	1000	6	14930	17901
1	1000	6	490709	493204
2	1000	6	0	71
3	1000	6	6807	5918
4	1000	6	0	0
5	1000	6	0	17
6	1000	6	0	489
7	1000	6	0	35
8	1000	6	0	5
9	1000	6	28443	35712
10	1000	6	0	17
11	1000	6	0	214
12	1000	6	0	5903
13	1000	6	14930	17901
1	1000	6	497690	500178
2	1000	6	0	71
3	1000	6	6663	6002
4	1000	6	0	0
5	1000	6	0	17
6	1000	6	0	503
7	1000	6	0	35
8	1000	6	0	6
9	1000	6	28440	35712
10	1000	6	0	18
11	1000	6	0	214
12	1000	6	0	5987
13	1000	6	14930	17901
1	1000	6	454526	457057
2	1000	6	0	71
3	1000	6	6520	5484
4	1000	6	0	0
5	1000	6	0	16
6	1000	6	0	420
7	1000	6	0	32
8	1000	6	0	5
9	1000	6	28632	35712
10	1000	6	0	16
11	1000	6	0	214
12	1000	6	0	5470
13	1000	6	14930	17901
1	1000	6	519864	522330
2	1000	6	0	71
3	1000	6	6980	6268
4	1000	6	0	0
5	1000	6	0	18
6	1000	6	0	548
7	1000	6	0	37
8	1000	6	0	6
9	1000	6	28180	35712
10	1000	6	0	18
11	1000	6	0	214
12	1000	6	0	6252
13	1000	6	14930	17901
1	1000	6	517630	520098
2	1000	6	0	71
3	1000	6	7129	6241
4	1000	6	0	0
5	1000	6	0	18
6	1000	6	0	544
7	1000	6	0	37
8	1000	6	0	6
9	1000	6	27984	35712
10	1000	6	0	18
11	1000	6	0	214
12	1000	6	0	6225
13	1000	6	14930	17901
1	1000	6	2648391	2648726
2	1000	6	0	71
3	1000	6	14770	31785
4	1000	6	0	25
5	1000	6	0	95
6	1000	6	0	14109
7	1000	6	0	190
8	1000	6	0	169
9	1000	6	16942	35712
10	1000	6	0	95
11	1000	6	0	214
12	1000	6	0	31705
13	1000	6	14930	17901
1	1000	6	2390580	2391173
2	1000	6	0	71
3	1000	6	14758	28694
4	1000	6	0	18
5	1000	6	0	85
6	1000	6	0	11498
7	1000	6	0	171
8	1000	6	0	137
9	1000	6	17905	35712
10	1000	6	0	86
11	1000	6	0	214
12	1000	6	0	28622
13	1000	6	14930	17901
1	1000	6	2460905	2461428
2	1000	6	0	71
3	1000	6	14458	29537
4	1000	6	0	20
5	1000	6	0	88
6	1000	6	0	12184
7	1000	6	0	176
8	1000	6	0	146
9	1000	6	17454	35712
10	1000	6	0	88
11	1000	6	0	214
12	1000	6	0	29463
13	1000	6	14930	17901
1	1000	6	2484193	2484692
2	1000	6	0	71
3	1000	6	14734	29817
4	1000	6	0	20
5	1000	6	0	89
6	1000	6	0	12415
7	1000	6	0	178
8	1000	6	0	148
9	1000	6	16954	35712
10	1000	6	0	89
11	1000	6	0	214
12	1000	6	0	29741
13	1000	6	14930	17901
1	1000	6	2707853	2708128
2	1000	6	0	71
3	1000	6	14839	32498
4	1000	6	0	26
5	1000	6	0	97
6	1000	6	0	14749
7	1000	6	0	194
8	1000	6	0	176
9	1000	6	15812	35712
10	1000	6	0	97
11	1000	6	0	214
12	1000	6	0	32416
13	1000	6	14930	17901
1	1000	6	2409814	2410388
2	1000	6	0	71
3	1000	6	14771	28925
4	1000	6	0	18
5	1000	6	0	86
6	1000	6	0	11684
7	1000	6	0	173
8	1000	6	0	140
9	1000	6	17474	35712
10	1000	6	0	86
11	1000	6	0	214
12	1000	6	0	28852
13	1000	6	14930	17901
1	5000	1	9845	12342
2	5000	1	0	0
3	5000	1	0	4
4	5000	1	0	0
5	5000	1	0	0
6	5000	1	0	0
7	5000	1	0	0
8	5000	1	0	0
9	5000	1	4978	4997
10	5000	1	0	0
11	5000	1	0	0
12	5000	1	0	4
13	5000	1	0	2498
1	5000	1	9401	11898
2	5000	1	0	0
3	5000	1	0	4
4	5000	1	0	0
5	5000	1	0	0
6	5000	1	0	0
7	5000	1	0	0
8	5000	1	0	0
9	5000	1	4974	4997
10	5000	1	0	0
11	5000	1	0	0
12	5000	1	0	4
13	5000	1	0	2499
1	5000	1	9501	11998
2	5000	1	0	0
3	5000	1	0	4
4	5000	1	0	0
5	5000	1	0	0
6	5000	1	0	0
7	5000	1	0	0
8	5000	1	0	0
9	5000	1	4972	4997
10	5000	1	0	0
11	5000	1	0	0
12	5000	1	0	4
13	5000	1	0	2498
1	5000	1	9377	11874
2	5000	1	0	0
3	5000	1	0	4
4	5000	1	0	0
5	5000	1	0	0
6	5000	1	0	0
7	5000	1	0	0
8	5000	1	0	0
9	5000	1	4983	4997
10	5000	1	0	0
11	5000	1	0	0
12	5000	1	0	4
13	5000	1	0	2499
1	5000	1	9441	11938
2	5000	1	0	0
3	5000	1	0	4
4	5000	1	0	0
5	5000	1	0	0
6	5000	1	0	0
7	5000	1	0	0
8	5000	1	0	0
9	5000	1	4981	4997
10	5000	1	0	0
11	5000	1	0	0
12	5000	1	0	4
13	5000	1	0	2498
1	5000	1	9555	12052
2	5000	1	0	0
3	5000	1	0	4
4	5000	1	0	0
5	5000	1	0	0
6	5000	1	0	0
7	5000	1	0	0
8	5000	1	0	0
9	5000	1	4988	4997
10	5000	1	0	0
11	5000	1	0	0
12	5000	1	0	4
13	5000	1	0	2499
1	5000	1	45015	47504
2	5000	1	0	0
3	5000	1	0	19
4	5000	1	0	0
5	5000	1	0	0
6	5000	1	0	0
7	5000	1	0	0
8	5000	1	0	0
9	5000	1	4768	4997
10	5000	1	0	0
11	5000	1	0	0
12	5000	1	0	19
13	5000	1	0	2498
1	5000	1	34645	37137
2	5000	1	0	0
3	5000	1	0	14
4	5000	1	0	0
5	5000	1	0	0
6	5000	1	0	0
7	5000	1	0	0
8	5000	1	0	0
9	5000	1	4868	4997
10	5000	1	0	0
11	5000	1	0	0
12	5000	1	0	14
13	5000	1	0	2499
1	5000	1	49579	52068
2	5000	1	0	0
3	5000	1	0	20
4	5000	1	0	0
5	5000	1	0	0
6	5000	1	0	0
7	5000	1	0	0
8	5000	1	0	0
9	5000	1	4799	4997
10	5000	1	0	0
11	5000	1	0	0
12	5000	1	0	20
13	5000	1	0	2499
1	5000	1	38111	40602
2	5000	1	0	0
3	5000	1	0	16
4	5000	1	0	0
5	5000	1	0	0
6	5000	1	0	0
7	5000	1	0	0
8	5000	1	0	0
9	5000	1	4883	4997
10	5000	1	0	0
11	5000	1	0	0
12	5000	1	0	16
13	5000	1	0	2499
1	5000	1	43127	45617
2	5000	1	0	0
3	5000	1	0	18
4	5000	1	0	0
5	5000	1	0	0
6	5000	1	0	0
7	5000	1	0	0
8	5000	1	0	0
9	5000	1	4923	4997
10	5000	1	0	0
11	5000	1	0	0
12	5000	1	0	18
13	5000	1	0	2498
1	5000	1	37497	39988
2	5000	1	0	0
3	5000	1	0	15
4	5000	1	0	0
5	5000	1	0	0
6	5000	1	0	0
7	5000	1	0	0
8	5000	1	0	0
9	5000	1	4964	4997
10	5000	1	0	0
11	5000	1	0	0
12	5000	1	0	15
13	5000	1	0	2499
1	5000	1	11374524	11374747
2	5000	1	0	0
3	5000	1	0	4550
4	5000	1	0	0
5	5000	1	0	0
6	5000	1	0	2071
7	5000	1	0	0
8	5000	1	0	0
9	5000	1	4970	4997
10	5000	1	0	0
11	5000	1	0	0
12	5000	1	0	4549
13	5000	1	0	2498
1	5000	1	11647606	11647775
2	5000	1	0	0
3	5000	1	0	4660
4	5000	1	0	0
5	5000	1	0	0
6	5000	1	0	2172
7	5000	1	0	0
8	5000	1	0	0
9	5000	1	172	4997
10	5000	1	0	0
11	5000	1	0	0
12	5000	1	0	4659
13	5000	1	0	2498
1	5000	1	11783111	11783252
2	5000	1	0	0
3	5000	1	0	4714
4	5000	1	0	0
5	5000	1	0	0
6	5000	1	0	2223
7	5000	1	0	0
8	5000	1	0	0
9	5000	1	144	4997
10	5000	1	0	0
11	5000	1	0	0
12	5000	1	0	4713
13	5000	1	0	2499
1	5000	1	11628397	11628569
2	5000	1	0	0
3	5000	1	0	4652
4	5000	1	0	0
5	5000	1	0	0
6	5000	1	0	2165
7	5000	1	0	0
8	5000	1	0	0
9	5000	1	4985	4997
10	5000	1	0	0
11	5000	1	0	0
12	5000	1	0	4651
13	5000	1	0	2498
1	5000	1	8641933	8642703
2	5000	1	0	0
3	5000	1	0	3457
4	5000	1	0	0
5	5000	1	0	0
6	5000	1	0	1196
7	5000	1	0	0
8	5000	1	0	0
9	5000	1	4638	4997
10	5000	1	0	0
11	5000	1	0	0
12	5000	1	0	3457
13	5000	1	0	2498
1	5000	1	11474845	11475048
2	5000	1	0	0
3	5000	1	0	4590
4	5000	1	0	0
5	5000	1	0	0
6	5000	1	0	2108
7	5000	1	0	0
8	5000	1	0	0
9	5000	1	208	4997
10	5000	1	0	0
11	5000	1	0	0
12	5000	1	0	4590
13	5000	1	0	2498
1	5000	2	38782	43771
2	5000	2	0	2
3	5000	2	43	35
4	5000	2	0	0
5	5000	2	0	0
6	5000	2	0	0
7	5000	2	0	0
8	5000	2	0	0
9	5000	2	19876	19984
10	5000	2	0	0
11	5000	2	0	7
12	5000	2	0	35
13	5000	2	4998	9994
1	5000	2	38547	43536
2	5000	2	0	2
3	5000	2	59	34
4	5000	2	0	0
5	5000	2	0	0
6	5000	2	0	0
7	5000	2	0	0
8	5000	2	0	0
9	5000	2	19895	19984
10	5000	2	0	0
11	5000	2	0	7
12	5000	2	0	34
13	5000	2	4998	9994
1	5000	2	37843	42832
2	5000	2	0	2
3	5000	2	57	34
4	5000	2	0	0
5	5000	2	0	0
6	5000	2	0	0
7	5000	2	0	0
8	5000	2	0	0
9	5000	2	19883	19984
10	5000	2	0	0
11	5000	2	0	7
12	5000	2	0	34
13	5000	2	4998	9994
1	5000	2	37177	42167
2	5000	2	0	2
3	5000	2	63	33
4	5000	2	0	0
5	5000	2	0	0
6	5000	2	0	0
7	5000	2	0	0
8	5000	2	0	0
9	5000	2	19849	19984
10	5000	2	0	0
11	5000	2	0	7
12	5000	2	0	33
13	5000	2	4998	9994
1	5000	2	37256	42246
2	5000	2	0	2
3	5000	2	57	33
4	5000	2	0	0
5	5000	2	0	0
6	5000	2	0	0
7	5000	2	0	0
8	5000	2	0	0
9	5000	2	19873	19984
10	5000	2	0	0
11	5000	2	0	7
12	5000	2	0	33
13	5000	2	4998	9994
1	5000	2	38011	43000
2	5000	2	0	2
3	5000	2	58	34
4	5000	2	0	0
5	5000	2	0	0
6	5000	2	0	0
7	5000	2	0	0
8	5000	2	0	0
9	5000	2	19883	19984
10	5000	2	0	0
11	5000	2	0	7
12	5000	2	0	34
13	5000	2	4998	9994
1	5000	2	357615	362540
2	5000	2	0	2
3	5000	2	290	290
4	5000	2	0	0
5	5000	2	0	0
6	5000	2	0	2
7	5000	2	0	0
8	5000	2	0	0
9	5000	2	18958	19984
10	5000	2	0	0
11	5000	2	0	7
12	5000	2	0	290
13	5000	2	4998	9994
1	5000	2	306865	311801
2	5000	2	0	2
3	5000	2	288	249
4	5000	2	0	0
5	5000	2	0	0
6	5000	2	0	1
7	5000	2	0	0
8	5000	2	0	0
9	5000	2	18986	19984
10	5000	2	0	0
11	5000	2	0	7
12	5000	2	0	249
13	5000	2	4998	9994
1	5000	2	339755	344684
2	5000	2	0	2
3	5000	2	318	275
4	5000	2	0	0
5	5000	2	0	0
6	5000	2	0	1
7	5000	2	0	0
8	5000	2	0	0
9	5000	2	19053	19984
10	5000	2	0	0
11	5000	2	0	7
12	5000	2	0	275
13	5000	2	4998	9994
1	5000	2	349401	354328
2	5000	2	0	2
3	5000	2	343	283
4	5000	2	0	0
5	5000	2	0	0
6	5000	2	0	2
7	5000	2	0	0
8	5000	2	0	0
9	5000	2	18558	19984
10	5000	2	0	0
11	5000	2	0	7
12	5000	2	0	283
13	5000	2	4998	9994
1	5000	2	388967	393886
2	5000	2	0	2
3	5000	2	345	315
4	5000	2	0	0
5	5000	2	0	0
6	5000	2	0	2
7	5000	2	0	0
8	5000	2	0	0
9	5000	2	18788	19984
10	5000	2	0	0
11	5000	2	0	7
12	5000	2	0	315
13	5000	2	4998	9994
1	5000	2	310640	315575
2	5000	2	0	2
3	5000	2	267	252
4	5000	2	0	0
5	5000	2	0	0
6	5000	2	0	1
7	5000	2	0	0
8	5000	2	0	0
9	5000	2	18991	19984
10	5000	2	0	0
11	5000	2	0	7
12	5000	2	0	252
13	5000	2	4998	9994
1	5000	2	23795127	23795364
2	5000	2	0	2
3	5000	2	4984	19039
4	5000	2	0	1
5	5000	2	0	3
6	5000	2	0	9067
7	5000	2	0	7
8	5000	2	0	7
9	5000	2	5351	19984
10	5000	2	0	3
11	5000	2	0	7
12	5000	2	0	19034
13	5000	2	4998	9994
1	5000	2	23682980	23683239
2	5000	2	0	2
3	5000	2	4969	18949
4	5000	2	0	1
5	5000	2	0	3
6	5000	2	0	8981
7	5000	2	0	7
8	5000	2	0	7
9	5000	2	5387	19984
10	5000	2	0	3
11	5000	2	0	7
12	5000	2	0	18944
13	5000	2	4998	9994
1	5000	2	21561786	21562470
2	5000	2	0	2
3	5000	2	4952	17252
4	5000	2	0	0
5	5000	2	0	3
6	5000	2	0	7445
7	5000	2	0	6
8	5000	2	0	5
9	5000	2	10203	19984
10	5000	2	0	3
11	5000	2	0	7
12	5000	2	0	17248
13	5000	2	4998	9994
1	5000	2	23049751	23050137
2	5000	2	0	2
3	5000	2	4944	18442
4	5000	2	0	1
5	5000	2	0	3
6	5000	2	0	8508
7	5000	2	0	7
8	5000	2	0	6
9	5000	2	5636	19984
10	5000	2	0	3
11	5000	2	0	7
12	5000	2	0	18438
13	5000	2	4998	9994
1	5000	2	23297555	23297892
2	5000	2	0	2
3	5000	2	4955	18641
4	5000	2	0	1
5	5000	2	0	3
6	5000	2	0	8692
7	5000	2	0	7
8	5000	2	0	6
9	5000	2	5490	19984
10	5000	2	0	3
11	5000	2	0	7
12	5000	2	0	18636
13	5000	2	4998	9994
1	5000	2	15978596	15980397
2	5000	2	0	2
3	5000	2	4790	12786
4	5000	2	0	0
5	5000	2	0	2
6	5000	2	0	4089
7	5000	2	0	5
8	5000	2	0	3
9	5000	2	9017	19984
10	5000	2	0	2
11	5000	2	0	7
12	5000	2	0	12783
13	5000	2	4998	9994
1	5000	3	88028	95505
2	5000	3	0	8
3	5000	3	234	114
4	5000	3	0	0
5	5000	3	0	0
6	5000	3	0	0
7	5000	3	0	0
8	5000	3	0	0
9	5000	3	44605	44955
10	5000	3	0	0
11	5000	3	0	26
12	5000	3	0	114
13	5000	3	14992	22484
1	5000	3	87874	95351
2	5000	3	0	8
3	5000	3	247	114
4	5000	3	0	0
5	5000	3	0	0
6	5000	3	0	0
7	5000	3	0	0
8	5000	3	0	0
9	5000	3	44670	44955
10	5000	3	0	0
11	5000	3	0	26
12	5000	3	0	114
13	5000	3	14992	22484
1	5000	3	87481	94959
2	5000	3	0	8
3	5000	3	256	113
4	5000	3	0	0
5	5000	3	0	0
6	5000	3	0	0
7	5000	3	0	0
8	5000	3	0	0
9	5000	3	44610	44955
10	5000	3	0	0
11	5000	3	0	26
12	5000	3	0	113
13	5000	3	14992	22484
1	5000	3	88456	95933
2	5000	3	0	8
3	5000	3	205	115
4	5000	3	0	0
5	5000	3	0	0
6	5000	3	0	0
7	5000	3	0	0
8	5000	3	0	0
9	5000	3	44664	44955
10	5000	3	0	0
11	5000	3	0	26
12	5000	3	0	115
13	5000	3	14992	22484
1	5000	3	84408	91886
2	5000	3	0	8
3	5000	3	232	110
4	5000	3	0	0
5	5000	3	0	0
6	5000	3	0	0
7	5000	3	0	0
8	5000	3	0	0
9	5000	3	44673	44955
10	5000	3	0	0
11	5000	3	0	26
12	5000	3	0	110
13	5000	3	14992	22484
1	5000	3	86844	94322
2	5000	3	0	8
3	5000	3	221	113
4	5000	3	0	0
5	5000	3	0	0
6	5000	3	0	0
7	5000	3	0	0
8	5000	3	0	0
9	5000	3	44678	44955
10	5000	3	0	0
11	5000	3	0	26
12	5000	3	0	113
13	5000	3	14992	22484
1	5000	3	1038252	1045539
2	5000	3	0	8
3	5000	3	1804	1254
4	5000	3	0	0
5	5000	3	0	0
6	5000	3	0	17
7	5000	3	0	0
8	5000	3	0	0
9	5000	3	41840	44955
10	5000	3	0	0
11	5000	3	0	26
12	5000	3	0	1254
13	5000	3	14992	22484
1	5000	3	1194169	1201425
2	5000	3	0	8
3	5000	3	2006	1441
4	5000	3	0	0
5	5000	3	0	0
6	5000	3	0	23
7	5000	3	0	0
8	5000	3	0	0
9	5000	3	40498	44955
10	5000	3	0	0
11	5000	3	0	26
12	5000	3	0	1441
13	5000	3	14992	22484
1	5000	3	1545386	1552572
2	5000	3	0	8
3	5000	3	2517	1863
4	5000	3	0	0
5	5000	3	0	0
6	5000	3	0	38
7	5000	3	0	1
8	5000	3	0	0
9	5000	3	39476	44955
10	5000	3	0	0
11	5000	3	0	26
12	5000	3	0	1862
13	5000	3	14992	22484
1	5000	3	1205631	1212885
2	5000	3	0	8
3	5000	3	1996	1455
4	5000	3	0	0
5	5000	3	0	0
6	5000	3	0	23
7	5000	3	0	0
8	5000	3	0	0
9	5000	3	41742	44955
10	5000	3	0	0
11	5000	3	0	26
12	5000	3	0	1455
13	5000	3	14992	22484
1	5000	3	1165842	1173104
2	5000	3	0	8
3	5000	3	2023	1407
4	5000	3	0	0
5	5000	3	0	0
6	5000	3	0	22
7	5000	3	0	0
8	5000	3	0	0
9	5000	3	40969	44955
10	5000	3	0	0
11	5000	3	0	26
12	5000	3	0	1407
13	5000	3	14992	22484
1	5000	3	1198128	1205383
2	5000	3	0	8
3	5000	3	2120	1446
4	5000	3	0	0
5	5000	3	0	0
6	5000	3	0	23
7	5000	3	0	0
8	5000	3	0	0
9	5000	3	40794	44955
10	5000	3	0	0
11	5000	3	0	26
12	5000	3	0	1446
13	5000	3	14992	22484
1	5000	3	27316713	27318744
2	5000	3	0	8
3	5000	3	14804	32786
4	5000	3	0	1
5	5000	3	0	9
6	5000	3	0	11951
7	5000	3	0	19
8	5000	3	0	14
9	5000	3	20934	44955
10	5000	3	0	9
11	5000	3	0	26
12	5000	3	0	32775
13	5000	3	14992	22484
1	5000	3	35272613	35273052
2	5000	3	0	8
3	5000	3	14913	42332
4	5000	3	0	3
5	5000	3	0	12
6	5000	3	0	19925
7	5000	3	0	25
8	5000	3	0	23
9	5000	3	15856	44955
10	5000	3	0	12
11	5000	3	0	26
12	5000	3	0	42319
13	5000	3	14992	22484
1	5000	3	31087386	31088662
2	5000	3	0	8
3	5000	3	14249	37310
4	5000	3	0	2
5	5000	3	0	11
6	5000	3	0	15478
7	5000	3	0	22
8	5000	3	0	18
9	5000	3	17805	44955
10	5000	3	0	11
11	5000	3	0	26
12	5000	3	0	37298
13	5000	3	14992	22484
1	5000	3	24360322	24362944
2	5000	3	0	8
3	5000	3	13426	29238
4	5000	3	0	1
5	5000	3	0	8
6	5000	3	0	9505
7	5000	3	0	17
8	5000	3	0	11
9	5000	3	26146	44955
10	5000	3	0	8
11	5000	3	0	26
12	5000	3	0	29229
13	5000	3	14992	22484
1	5000	3	35974126	35974425
2	5000	3	0	8
3	5000	3	14972	43174
4	5000	3	0	3
5	5000	3	0	12
6	5000	3	0	20725
7	5000	3	0	25
8	5000	3	0	24
9	5000	3	15579	44955
10	5000	3	0	12
11	5000	3	0	26
12	5000	3	0	43160
13	5000	3	14992	22484
1	5000	3	31104019	31105292
2	5000	3	0	8
3	5000	3	14493	37330
4	5000	3	0	2
5	5000	3	0	11
6	5000	3	0	15494
7	5000	3	0	22
8	5000	3	0	18
9	5000	3	17759	44955
10	5000	3	0	11
11	5000	3	0	26
12	5000	3	0	37318
13	5000	3	14992	22484
1	5000	6	357616	372530
2	5000	6	0	71
3	5000	6	2062	894
4	5000	6	0	0
5	5000	6	0	0
6	5000	6	0	2
7	5000	6	0	1
8	5000	6	0	0
9	5000	6	177662	179712
10	5000	6	0	0
11	5000	6	0	215
12	5000	6	0	893
13	5000	6	74930	89901
1	5000	6	347409	362326
2	5000	6	0	71
3	5000	6	2080	869
4	5000	6	0	0
5	5000	6	0	0
6	5000	6	0	2
7	5000	6	0	1
8	5000	6	0	0
9	5000	6	177714	179712
10	5000	6	0	0
11	5000	6	0	215
12	5000	6	0	869
13	5000	6	74930	89901
1	5000	6	349680	364596
2	5000	6	0	71
3	5000	6	2056	875
4	5000	6	0	0
5	5000	6	0	0
6	5000	6	0	2
7	5000	6	0	1
8	5000	6	0	0
9	5000	6	177670	179712
10	5000	6	0	0
11	5000	6	0	215
12	5000	6	0	874
13	5000	6	74930	89901
1	5000	6	349256	364172
2	5000	6	0	71
3	5000	6	2141	874
4	5000	6	0	0
5	5000	6	0	0
6	5000	6	0	2
7	5000	6	0	1
8	5000	6	0	0
9	5000	6	177652	179712
10	5000	6	0	0
11	5000	6	0	215
12	5000	6	0	873
13	5000	6	74930	89901
1	5000	6	350604	365520
2	5000	6	0	71
3	5000	6	2006	877
4	5000	6	0	0
5	5000	6	0	0
6	5000	6	0	2
7	5000	6	0	1
8	5000	6	0	0
9	5000	6	177641	179712
10	5000	6	0	0
11	5000	6	0	215
12	5000	6	0	876
13	5000	6	74930	89901
1	5000	6	353494	368409
2	5000	6	0	71
3	5000	6	2186	884
4	5000	6	0	0
5	5000	6	0	0
6	5000	6	0	2
7	5000	6	0	1
8	5000	6	0	0
9	5000	6	177704	179712
10	5000	6	0	0
11	5000	6	0	215
12	5000	6	0	883
13	5000	6	74930	89901
1	5000	6	6970325	6983917
2	5000	6	0	71
3	5000	6	22961	16761
4	5000	6	0	0
5	5000	6	0	10
6	5000	6	0	781
7	5000	6	0	20
8	5000	6	0	1
9	5000	6	152999	179712
10	5000	6	0	10
11	5000	6	0	215
12	5000	6	0	16753
13	5000	6	74930	89901
1	5000	6	6534512	6548191
2	5000	6	0	71
3	5000	6	21954	15715
4	5000	6	0	0
5	5000	6	0	9
6	5000	6	0	686
7	5000	6	0	18
8	5000	6	0	1
9	5000	6	154749	179712
10	5000	6	0	9
11	5000	6	0	215
12	5000	6	0	15707
13	5000	6	74930	89901
1	5000	6	7206226	7219770
2	5000	6	0	71
3	5000	6	23630	17327
4	5000	6	0	0
5	5000	6	0	10
6	5000	6	0	834
7	5000	6	0	20
8	5000	6	0	2
9	5000	6	153242	179712
10	5000	6	0	10
11	5000	6	0	215
12	5000	6	0	17318
13	5000	6	74930	89901
1	5000	6	6970410	6984002
2	5000	6	0	71
3	5000	6	23124	16761
4	5000	6	0	0
5	5000	6	0	10
6	5000	6	0	781
7	5000	6	0	20
8	5000	6	0	1
9	5000	6	152526	179712
10	5000	6	0	10
11	5000	6	0	215
12	5000	6	0	16753
13	5000	6	74930	89901
1	5000	6	6792436	6806063
2	5000	6	0	71
3	5000	6	23247	16334
4	5000	6	0	0
5	5000	6	0	9
6	5000	6	0	741
7	5000	6	0	19
8	5000	6	0	1
9	5000	6	150871	179712
10	5000	6	0	9
11	5000	6	0	215
12	5000	6	0	16326
13	5000	6	74930	89901
1	5000	6	6565540	6579213
2	5000	6	0	71
3	5000	6	22417	15790
4	5000	6	0	0
5	5000	6	0	9
6	5000	6	0	693
7	5000	6	0	18
8	5000	6	0	1
9	5000	6	152613	179712
10	5000	6	0	9
11	5000	6	0	215
12	5000	6	0	15782
13	5000	6	74930	89901
1	5000	6	61560226	61562897
2	5000	6	0	71
3	5000	6	74418	147751
4	5000	6	0	19
5	5000	6	0	88
6	5000	6	0	60706
7	5000	6	0	177
8	5000	6	0	145
9	5000	6	90451	179712
10	5000	6	0	88
11	5000	6	0	215
12	5000	6	0	147677
13	5000	6	74930	89901
1	5000	6	62066950	62069520
2	5000	6	0	71
3	5000	6	74406	148967
4	5000	6	0	20
5	5000	6	0	89
6	5000	6	0	61710
7	5000	6	0	178
8	5000	6	0	148
9	5000	6	88812	179712
10	5000	6	0	89
11	5000	6	0	215
12	5000	6	0	148892
13	5000	6	74930	89901
1	5000	6	62646009	62648463
2	5000	6	0	71
3	5000	6	74544	150357
4	5000	6	0	21
5	5000	6	0	90
6	5000	6	0	62866
7	5000	6	0	180
8	5000	6	0	150
9	5000	6	87779	179712
10	5000	6	0	90
11	5000	6	0	215
12	5000	6	0	150281
13	5000	6	74930	89901
1	5000	6	72481443	72481930
2	5000	6	0	71
3	5000	6	74825	173957
4	5000	6	0	32
5	5000	6	0	104
6	5000	6	0	84151
7	5000	6	0	208
8	5000	6	0	201
9	5000	6	76594	179712
10	5000	6	0	104
11	5000	6	0	215
12	5000	6	0	173869
13	5000	6	74930	89901
1	5000	6	59241106	59244241
2	5000	6	0	71
3	5000	6	72429	142186
4	5000	6	0	17
5	5000	6	0	85
6	5000	6	0	56220
7	5000	6	0	170
8	5000	6	0	134
9	5000	6	89867	179712
10	5000	6	0	85
11	5000	6	0	215
12	5000	6	0	142115
13	5000	6	74930	89901
1	5000	6	62892822	62895227
2	5000	6	0	71
3	5000	6	74671	150949
4	5000	6	0	21
5	5000	6	0	90
6	5000	6	0	63362
7	5000	6	0	181
8	5000	6	0	152
9	5000	6	89388	179712
10	5000	6	0	90
11	5000	6	0	215
12	5000	6	0	150873
13	5000	6	74930	89901
1	10000	1	19363	24360
2	10000	1	0	0
3	10000	1	0	4
4	10000	1	0	0
5	10000	1	0	0
6	10000	1	0	0
7	10000	1	0	0
8	10000	1	0	0
9	10000	1	9966	9997
10	10000	1	0	0
11	10000	1	0	0
12	10000	1	0	4
13	10000	1	0	4998
1	10000	1	19835	24832
2	10000	1	0	0
3	10000	1	0	4
4	10000	1	0	0
5	10000	1	0	0
6	10000	1	0	0
7	10000	1	0	0
8	10000	1	0	0
9	10000	1	9977	9997
10	10000	1	0	0
11	10000	1	0	0
12	10000	1	0	4
13	10000	1	0	4999
1	10000	1	19037	24034
2	10000	1	0	0
3	10000	1	0	4
4	10000	1	0	0
5	10000	1	0	0
6	10000	1	0	0
7	10000	1	0	0
8	10000	1	0	0
9	10000	1	9966	9997
10	10000	1	0	0
11	10000	1	0	0
12	10000	1	0	4
13	10000	1	0	4998
1	10000	1	19398	24395
2	10000	1	0	0
3	10000	1	0	4
4	10000	1	0	0
5	10000	1	0	0
6	10000	1	0	0
7	10000	1	0	0
8	10000	1	0	0
9	10000	1	9974	9997
10	10000	1	0	0
11	10000	1	0	0
12	10000	1	0	4
13	10000	1	0	4999
1	10000	1	19092	24089
2	10000	1	0	0
3	10000	1	0	4
4	10000	1	0	0
5	10000	1	0	0
6	10000	1	0	0
7	10000	1	0	0
8	10000	1	0	0
9	10000	1	9989	9997
10	10000	1	0	0
11	10000	1	0	0
12	10000	1	0	4
13	10000	1	0	4999
1	10000	1	19613	24610
2	10000	1	0	0
3	10000	1	0	4
4	10000	1	0	0
5	10000	1	0	0
6	10000	1	0	0
7	10000	1	0	0
8	10000	1	0	0
9	10000	1	9966	9997
10	10000	1	0	0
11	10000	1	0	0
12	10000	1	0	4
13	10000	1	0	4999
1	10000	1	80423	85413
2	10000	1	0	0
3	10000	1	0	17
4	10000	1	0	0
5	10000	1	0	0
6	10000	1	0	0
7	10000	1	0	0
8	10000	1	0	0
9	10000	1	9814	9997
10	10000	1	0	0
11	10000	1	0	0
12	10000	1	0	17
13	10000	1	0	4999
1	10000	1	81246	86236
2	10000	1	0	0
3	10000	1	0	17
4	10000	1	0	0
5	10000	1	0	0
6	10000	1	0	0
7	10000	1	0	0
8	10000	1	0	0
9	10000	1	9874	9997
10	10000	1	0	0
11	10000	1	0	0
12	10000	1	0	17
13	10000	1	0	4998
1	10000	1	65404	70396
2	10000	1	0	0
3	10000	1	0	14
4	10000	1	0	0
5	10000	1	0	0
6	10000	1	0	0
7	10000	1	0	0
8	10000	1	0	0
9	10000	1	9839	9997
10	10000	1	0	0
11	10000	1	0	0
12	10000	1	0	14
13	10000	1	0	4998
1	10000	1	62681	67673
2	10000	1	0	0
3	10000	1	0	13
4	10000	1	0	0
5	10000	1	0	0
6	10000	1	0	0
7	10000	1	0	0
8	10000	1	0	0
9	10000	1	9936	9997
10	10000	1	0	0
11	10000	1	0	0
12	10000	1	0	13
13	10000	1	0	4998
1	10000	1	75906	80897
2	10000	1	0	0
3	10000	1	0	16
4	10000	1	0	0
5	10000	1	0	0
6	10000	1	0	0
7	10000	1	0	0
8	10000	1	0	0
9	10000	1	9985	9997
10	10000	1	0	0
11	10000	1	0	0
12	10000	1	0	16
13	10000	1	0	4999
1	10000	1	69321	74313
2	10000	1	0	0
3	10000	1	0	14
4	10000	1	0	0
5	10000	1	0	0
6	10000	1	0	0
7	10000	1	0	0
8	10000	1	0	0
9	10000	1	9783	9997
10	10000	1	0	0
11	10000	1	0	0
12	10000	1	0	14
13	10000	1	0	4998
1	10000	1	47624049	47624285
2	10000	1	0	0
3	10000	1	0	9525
4	10000	1	0	0
5	10000	1	0	0
6	10000	1	0	4537
7	10000	1	0	0
8	10000	1	0	0
9	10000	1	239	9997
10	10000	1	0	0
11	10000	1	0	0
12	10000	1	0	9524
13	10000	1	0	4999
1	10000	1	47293055	47293324
2	10000	1	0	0
3	10000	1	0	9459
4	10000	1	0	0
5	10000	1	0	0
6	10000	1	0	4475
7	10000	1	0	0
8	10000	1	0	0
9	10000	1	9975	9997
10	10000	1	0	0
11	10000	1	0	0
12	10000	1	0	9458
13	10000	1	0	4999
1	10000	1	47799843	47800061
2	10000	1	0	0
3	10000	1	0	9560
4	10000	1	0	0
5	10000	1	0	0
6	10000	1	0	4571
7	10000	1	0	0
8	10000	1	0	0
9	10000	1	9988	9997
10	10000	1	0	0
11	10000	1	0	0
12	10000	1	0	9560
13	10000	1	0	4999
1	10000	1	27156457	27158740
2	10000	1	0	0
3	10000	1	0	5432
4	10000	1	0	0
5	10000	1	0	0
6	10000	1	0	1475
7	10000	1	0	0
8	10000	1	0	0
9	10000	1	9991	9997
10	10000	1	0	0
11	10000	1	0	0
12	10000	1	0	5431
13	10000	1	0	4999
1	10000	1	47653305	47653538
2	10000	1	0	0
3	10000	1	0	9531
4	10000	1	0	0
5	10000	1	0	0
6	10000	1	0	4543
7	10000	1	0	0
8	10000	1	0	0
9	10000	1	9993	9997
10	10000	1	0	0
11	10000	1	0	0
12	10000	1	0	9530
13	10000	1	0	4999
1	10000	1	37728979	37730204
2	10000	1	0	0
3	10000	1	0	7546
4	10000	1	0	0
5	10000	1	0	0
6	10000	1	0	2848
7	10000	1	0	0
8	10000	1	0	0
9	10000	1	8889	9997
10	10000	1	0	0
11	10000	1	0	0
12	10000	1	0	7546
13	10000	1	0	4999
1	10000	2	74870	84860
2	10000	2	0	2
3	10000	2	71	33
4	10000	2	0	0
5	10000	2	0	0
6	10000	2	0	0
7	10000	2	0	0
8	10000	2	0	0
9	10000	2	39869	39984
10	10000	2	0	0
11	10000	2	0	7
12	10000	2	0	33
13	10000	2	9998	19994
1	10000	2	77510	87499
2	10000	2	0	2
3	10000	2	66	35
4	10000	2	0	0
5	10000	2	0	0
6	10000	2	0	0
7	10000	2	0	0
8	10000	2	0	0
9	10000	2	39870	39984
10	10000	2	0	0
11	10000	2	0	7
12	10000	2	0	34
13	10000	2	9998	19994
1	10000	2	79196	89185
2	10000	2	0	2
3	10000	2	66	35
4	10000	2	0	0
5	10000	2	0	0
6	10000	2	0	0
7	10000	2	0	0
8	10000	2	0	0
9	10000	2	39851	39984
10	10000	2	0	0
11	10000	2	0	7
12	10000	2	0	35
13	10000	2	9998	19994
1	10000	2	76630	86619
2	10000	2	0	2
3	10000	2	60	34
4	10000	2	0	0
5	10000	2	0	0
6	10000	2	0	0
7	10000	2	0	0
8	10000	2	0	0
9	10000	2	39881	39984
10	10000	2	0	0
11	10000	2	0	7
12	10000	2	0	34
13	10000	2	9998	19994
1	10000	2	78116	88105
2	10000	2	0	2
3	10000	2	62	35
4	10000	2	0	0
5	10000	2	0	0
6	10000	2	0	0
7	10000	2	0	0
8	10000	2	0	0
9	10000	2	39869	39984
10	10000	2	0	0
11	10000	2	0	7
12	10000	2	0	35
13	10000	2	9998	19994
1	10000	2	77143	87132
2	10000	2	0	2
3	10000	2	51	34
4	10000	2	0	0
5	10000	2	0	0
6	10000	2	0	0
7	10000	2	0	0
8	10000	2	0	0
9	10000	2	39827	39984
10	10000	2	0	0
11	10000	2	0	7
12	10000	2	0	34
13	10000	2	9998	19994
1	10000	2	953037	962939
2	10000	2	0	2
3	10000	2	533	385
4	10000	2	0	0
5	10000	2	0	0
6	10000	2	0	1
7	10000	2	0	0
8	10000	2	0	0
9	10000	2	37879	39984
10	10000	2	0	0
11	10000	2	0	7
12	10000	2	0	385
13	10000	2	9998	19994
1	10000	2	811928	821844
2	10000	2	0	2
3	10000	2	390	328
4	10000	2	0	0
5	10000	2	0	0
6	10000	2	0	1
7	10000	2	0	0
8	10000	2	0	0
9	10000	2	39009	39984
10	10000	2	0	0
11	10000	2	0	7
12	10000	2	0	328
13	10000	2	9998	19994
1	10000	2	1012348	1022244
2	10000	2	0	2
3	10000	2	519	408
4	10000	2	0	0
5	10000	2	0	0
6	10000	2	0	2
7	10000	2	0	0
8	10000	2	0	0
9	10000	2	37520	39984
10	10000	2	0	0
11	10000	2	0	7
12	10000	2	0	408
13	10000	2	9998	19994
1	10000	2	966539	976439
2	10000	2	0	2
3	10000	2	523	390
4	10000	2	0	0
5	10000	2	0	0
6	10000	2	0	1
7	10000	2	0	0
8	10000	2	0	0
9	10000	2	38189	39984
10	10000	2	0	0
11	10000	2	0	7
12	10000	2	0	390
13	10000	2	9998	19994
1	10000	2	926998	936902
2	10000	2	0	2
3	10000	2	452	374
4	10000	2	0	0
5	10000	2	0	0
6	10000	2	0	1
7	10000	2	0	0
8	10000	2	0	0
9	10000	2	38083	39984
10	10000	2	0	0
11	10000	2	0	7
12	10000	2	0	374
13	10000	2	9998	19994
1	10000	2	969799	979699
2	10000	2	0	2
3	10000	2	541	391
4	10000	2	0	0
5	10000	2	0	0
6	10000	2	0	1
7	10000	2	0	0
8	10000	2	0	0
9	10000	2	37964	39984
10	10000	2	0	0
11	10000	2	0	7
12	10000	2	0	391
13	10000	2	9998	19994
1	10000	2	95250808	95251279
2	10000	2	0	2
3	10000	2	9920	38103
4	10000	2	0	1
5	10000	2	0	3
6	10000	2	0	18153
7	10000	2	0	7
8	10000	2	0	7
9	10000	2	10683	39984
10	10000	2	0	3
11	10000	2	0	7
12	10000	2	0	38098
13	10000	2	9998	19994
1	10000	2	93085371	93086059
2	10000	2	0	2
3	10000	2	9772	37237
4	10000	2	0	1
5	10000	2	0	3
6	10000	2	0	17337
7	10000	2	0	7
8	10000	2	0	6
9	10000	2	11006	39984
10	10000	2	0	3
11	10000	2	0	7
12	10000	2	0	37232
13	10000	2	9998	19994
1	10000	2	96579998	96580336
2	10000	2	0	2
3	10000	2	9975	38635
4	10000	2	0	1
5	10000	2	0	3
6	10000	2	0	18663
7	10000	2	0	7
8	10000	2	0	7
9	10000	2	10505	39984
10	10000	2	0	3
11	10000	2	0	7
12	10000	2	0	38630
13	10000	2	9998	19994
1	10000	2	95913639	95914044
2	10000	2	0	2
3	10000	2	9973	38368
4	10000	2	0	1
5	10000	2	0	3
6	10000	2	0	18406
7	10000	2	0	7
8	10000	2	0	7
9	10000	2	10599	39984
10	10000	2	0	3
11	10000	2	0	7
12	10000	2	0	38363
13	10000	2	9998	19994
1	10000	2	93124067	93124751
2	10000	2	0	2
3	10000	2	9940	37252
4	10000	2	0	1
5	10000	2	0	3
6	10000	2	0	17351
7	10000	2	0	7
8	10000	2	0	6
9	10000	2	20259	39984
10	10000	2	0	3
11	10000	2	0	7
12	10000	2	0	37248
13	10000	2	9998	19994
1	10000	2	96934045	96934348
2	10000	2	0	2
3	10000	2	9980	38776
4	10000	2	0	1
5	10000	2	0	3
6	10000	2	0	18800
7	10000	2	0	7
8	10000	2	0	7
9	10000	2	10445	39984
10	10000	2	0	3
11	10000	2	0	7
12	10000	2	0	38771
13	10000	2	9998	19994
1	10000	3	170116	185094
2	10000	3	0	8
3	10000	3	243	111
4	10000	3	0	0
5	10000	3	0	0
6	10000	3	0	0
7	10000	3	0	0
8	10000	3	0	0
9	10000	3	89535	89955
10	10000	3	0	0
11	10000	3	0	26
12	10000	3	0	111
13	10000	3	29992	44984
1	10000	3	172485	187463
2	10000	3	0	8
3	10000	3	245	112
4	10000	3	0	0
5	10000	3	0	0
6	10000	3	0	0
7	10000	3	0	0
8	10000	3	0	0
9	10000	3	89620	89955
10	10000	3	0	0
11	10000	3	0	26
12	10000	3	0	112
13	10000	3	29992	44984
1	10000	3	170363	185341
2	10000	3	0	8
3	10000	3	233	111
4	10000	3	0	0
5	10000	3	0	0
6	10000	3	0	0
7	10000	3	0	0
8	10000	3	0	0
9	10000	3	89582	89955
10	10000	3	0	0
11	10000	3	0	26
12	10000	3	0	111
13	10000	3	29992	44984
1	10000	3	172483	187461
2	10000	3	0	8
3	10000	3	223	112
4	10000	3	0	0
5	10000	3	0	0
6	10000	3	0	0
7	10000	3	0	0
8	10000	3	0	0
9	10000	3	89603	89955
10	10000	3	0	0
11	10000	3	0	26
12	10000	3	0	112
13	10000	3	29992	44984
1	10000	3	174497	189475
2	10000	3	0	8
3	10000	3	252	113
4	10000	3	0	0
5	10000	3	0	0
6	10000	3	0	0
7	10000	3	0	0
8	10000	3	0	0
9	10000	3	89611	89955
10	10000	3	0	0
11	10000	3	0	26
12	10000	3	0	113
13	10000	3	29992	44984
1	10000	3	179243	194220
2	10000	3	0	8
3	10000	3	266	116
4	10000	3	0	0
5	10000	3	0	0
6	10000	3	0	0
7	10000	3	0	0
8	10000	3	0	0
9	10000	3	89600	89955
10	10000	3	0	0
11	10000	3	0	26
12	10000	3	0	116
13	10000	3	29992	44984
1	10000	3	3998096	4012691
2	10000	3	0	8
3	10000	3	3611	2407
4	10000	3	0	0
5	10000	3	0	0
6	10000	3	0	32
7	10000	3	0	0
8	10000	3	0	0
9	10000	3	82297	89955
10	10000	3	0	0
11	10000	3	0	26
12	10000	3	0	2407
13	10000	3	29992	44984
1	10000	3	3340896	3355557
2	10000	3	0	8
3	10000	3	3015	2013
4	10000	3	0	0
5	10000	3	0	0
6	10000	3	0	22
7	10000	3	0	0
8	10000	3	0	0
9	10000	3	81836	89955
10	10000	3	0	0
11	10000	3	0	26
12	10000	3	0	2013
13	10000	3	29992	44984
1	10000	3	3263070	3277739
2	10000	3	0	8
3	10000	3	3028	1966
4	10000	3	0	0
5	10000	3	0	0
6	10000	3	0	21
7	10000	3	0	0
8	10000	3	0	0
9	10000	3	82631	89955
10	10000	3	0	0
11	10000	3	0	26
12	10000	3	0	1966
13	10000	3	29992	44984
1	10000	3	3437875	3452526
2	10000	3	0	8
3	10000	3	3111	2071
4	10000	3	0	0
5	10000	3	0	0
6	10000	3	0	23
7	10000	3	0	0
8	10000	3	0	0
9	10000	3	83620	89955
10	10000	3	0	0
11	10000	3	0	26
12	10000	3	0	2071
13	10000	3	29992	44984
1	10000	3	3127876	3142558
2	10000	3	0	8
3	10000	3	2757	1885
4	10000	3	0	0
5	10000	3	0	0
6	10000	3	0	19
7	10000	3	0	0
8	10000	3	0	0
9	10000	3	83929	89955
10	10000	3	0	0
11	10000	3	0	26
12	10000	3	0	1885
13	10000	3	29992	44984
1	10000	3	3412205	3426859
2	10000	3	0	8
3	10000	3	3051	2056
4	10000	3	0	0
5	10000	3	0	0
6	10000	3	0	23
7	10000	3	0	0
8	10000	3	0	0
9	10000	3	82958	89955
10	10000	3	0	0
11	10000	3	0	26
12	10000	3	0	2055
13	10000	3	29992	44984
1	10000	3	130603838	130605771
2	10000	3	0	8
3	10000	3	29828	78367
4	10000	3	0	2
5	10000	3	0	11
6	10000	3	0	34131
7	10000	3	0	23
8	10000	3	0	20
9	10000	3	34212	89955
10	10000	3	0	11
11	10000	3	0	26
12	10000	3	0	78355
13	10000	3	29992	44984
1	10000	3	121487795	121490640
2	10000	3	0	8
3	10000	3	27917	72898
4	10000	3	0	2
5	10000	3	0	10
6	10000	3	0	29533
7	10000	3	0	21
8	10000	3	0	17
9	10000	3	36437	89955
10	10000	3	0	10
11	10000	3	0	26
12	10000	3	0	72887
13	10000	3	29992	44984
1	10000	3	118780878	118783994
2	10000	3	0	8
3	10000	3	29825	71274
4	10000	3	0	2
5	10000	3	0	10
6	10000	3	0	28232
7	10000	3	0	21
8	10000	3	0	16
9	10000	3	37919	89955
10	10000	3	0	10
11	10000	3	0	26
12	10000	3	0	71263
13	10000	3	29992	44984
1	10000	3	144825012	144825523
2	10000	3	0	8
3	10000	3	29892	86900
4	10000	3	0	4
5	10000	3	0	13
6	10000	3	0	41967
7	10000	3	0	26
8	10000	3	0	25
9	10000	3	30982	89955
10	10000	3	0	13
11	10000	3	0	26
12	10000	3	0	86886
13	10000	3	29992	44984
1	10000	3	140260123	140261091
2	10000	3	0	8
3	10000	3	29771	84161
4	10000	3	0	3
5	10000	3	0	12
6	10000	3	0	39364
7	10000	3	0	25
8	10000	3	0	23
9	10000	3	41018	89955
10	10000	3	0	12
11	10000	3	0	26
12	10000	3	0	84148
13	10000	3	29992	44984
1	10000	3	144361280	144361837
2	10000	3	0	8
3	10000	3	29898	86621
4	10000	3	0	4
5	10000	3	0	12
6	10000	3	0	41699
7	10000	3	0	25
8	10000	3	0	25
9	10000	3	40895	89955
10	10000	3	0	12
11	10000	3	0	26
12	10000	3	0	86608
13	10000	3	29992	44984
1	10000	6	704724	734640
2	10000	6	0	71
3	10000	6	2365	881
4	10000	6	0	0
5	10000	6	0	0
6	10000	6	0	1
7	10000	6	0	0
8	10000	6	0	0
9	10000	6	357161	359712
10	10000	6	0	0
11	10000	6	0	215
12	10000	6	0	881
13	10000	6	149930	179901
1	10000	6	705554	735469
2	10000	6	0	71
3	10000	6	2319	882
4	10000	6	0	0
5	10000	6	0	0
6	10000	6	0	1
7	10000	6	0	0
8	10000	6	0	0
9	10000	6	357235	359712
10	10000	6	0	0
11	10000	6	0	215
12	10000	6	0	882
13	10000	6	149930	179901
1	10000	6	708366	738281
2	10000	6	0	71
3	10000	6	2375	885
4	10000	6	0	0
5	10000	6	0	0
6	10000	6	0	1
7	10000	6	0	0
8	10000	6	0	0
9	10000	6	357204	359712
10	10000	6	0	0
11	10000	6	0	215
12	10000	6	0	885
13	10000	6	149930	179901
1	10000	6	710779	740694
2	10000	6	0	71
3	10000	6	2389	888
4	10000	6	0	0
5	10000	6	0	0
6	10000	6	0	1
7	10000	6	0	0
8	10000	6	0	0
9	10000	6	357217	359712
10	10000	6	0	0
11	10000	6	0	215
12	10000	6	0	888
13	10000	6	149930	179901
1	10000	6	712490	742405
2	10000	6	0	71
3	10000	6	2424	890
4	10000	6	0	0
5	10000	6	0	0
6	10000	6	0	1
7	10000	6	0	0
8	10000	6	0	0
9	10000	6	357282	359712
10	10000	6	0	0
11	10000	6	0	215
12	10000	6	0	890
13	10000	6	149930	179901
1	10000	6	706684	736599
2	10000	6	0	71
3	10000	6	2528	883
4	10000	6	0	0
5	10000	6	0	0
6	10000	6	0	1
7	10000	6	0	0
8	10000	6	0	0
9	10000	6	356768	359712
10	10000	6	0	0
11	10000	6	0	215
12	10000	6	0	883
13	10000	6	149930	179901
1	10000	6	22119840	22147614
2	10000	6	0	71
3	10000	6	40719	26577
4	10000	6	0	0
5	10000	6	0	7
6	10000	6	0	981
7	10000	6	0	15
8	10000	6	0	1
9	10000	6	310313	359712
10	10000	6	0	7
11	10000	6	0	215
12	10000	6	0	26570
13	10000	6	149930	179901
1	10000	6	23136712	23164384
2	10000	6	0	71
3	10000	6	40836	27797
4	10000	6	0	0
5	10000	6	0	8
6	10000	6	0	1073
7	10000	6	0	16
8	10000	6	0	1
9	10000	6	308425	359712
10	10000	6	0	8
11	10000	6	0	215
12	10000	6	0	27790
13	10000	6	149930	179901
1	10000	6	21614533	21642357
2	10000	6	0	71
3	10000	6	38379	25970
4	10000	6	0	0
5	10000	6	0	7
6	10000	6	0	937
7	10000	6	0	15
8	10000	6	0	1
9	10000	6	312446	359712
10	10000	6	0	7
11	10000	6	0	215
12	10000	6	0	25964
13	10000	6	149930	179901
1	10000	6	23986980	24014567
2	10000	6	0	71
3	10000	6	41862	28817
4	10000	6	0	0
5	10000	6	0	8
6	10000	6	0	1154
7	10000	6	0	17
8	10000	6	0	1
9	10000	6	312916	359712
10	10000	6	0	8
11	10000	6	0	215
12	10000	6	0	28810
13	10000	6	149930	179901
1	10000	6	22624740	22652463
2	10000	6	0	71
3	10000	6	40607	27183
4	10000	6	0	0
5	10000	6	0	8
6	10000	6	0	1026
7	10000	6	0	16
8	10000	6	0	1
9	10000	6	312123	359712
10	10000	6	0	8
11	10000	6	0	215
12	10000	6	0	27176
13	10000	6	149930	179901
1	10000	6	21753736	21781546
2	10000	6	0	71
3	10000	6	38924	26137
4	10000	6	0	0
5	10000	6	0	7
6	10000	6	0	949
7	10000	6	0	15
8	10000	6	0	1
9	10000	6	310267	359712
10	10000	6	0	7
11	10000	6	0	215
12	10000	6	0	26131
13	10000	6	149930	179901
1	10000	6	252305820	252310573
2	10000	6	0	71
3	10000	6	149370	302773
4	10000	6	0	21
5	10000	6	0	90
6	10000	6	0	127391
7	10000	6	0	181
8	10000	6	0	152
9	10000	6	179845	359712
10	10000	6	0	90
11	10000	6	0	215
12	10000	6	0	302696
13	10000	6	149930	179901
1	10000	6	253020270	253024951
2	10000	6	0	71
3	10000	6	149548	303630
4	10000	6	0	21
5	10000	6	0	91
6	10000	6	0	128114
7	10000	6	0	182
8	10000	6	0	153
9	10000	6	177662	359712
10	10000	6	0	91
11	10000	6	0	215
12	10000	6	0	303554
13	10000	6	149930	179901
1	10000	6	262050717	262054495
2	10000	6	0	71
3	10000	6	149637	314466
4	10000	6	0	24
5	10000	6	0	94
6	10000	6	0	137421
7	10000	6	0	188
8	10000	6	0	164
9	10000	6	171870	359712
10	10000	6	0	94
11	10000	6	0	215
12	10000	6	0	314386
13	10000	6	149930	179901
1	10000	6	249849942	249854941
2	10000	6	0	71
3	10000	6	149268	299826
4	10000	6	0	20
5	10000	6	0	89
6	10000	6	0	124924
7	10000	6	0	179
8	10000	6	0	149
9	10000	6	184464	359712
10	10000	6	0	89
11	10000	6	0	215
12	10000	6	0	299750
13	10000	6	149930	179901
1	10000	6	283273743	283275399
2	10000	6	0	71
3	10000	6	149728	339931
4	10000	6	0	30
5	10000	6	0	101
6	10000	6	0	160578
7	10000	6	0	203
8	10000	6	0	192
9	10000	6	156167	359712
10	10000	6	0	101
11	10000	6	0	215
12	10000	6	0	339845
13	10000	6	149930	179901
1	10000	6	252558325	252563053
2	10000	6	0	71
3	10000	6	149513	303076
4	10000	6	0	21
5	10000	6	0	90
6	10000	6	0	127646
7	10000	6	0	181
8	10000	6	0	153
9	10000	6	179291	359712
10	10000	6	0	90
11	10000	6	0	215
12	10000	6	0	302999
13	10000	6	149930	179901
1	20000	1	38649	48646
2	20000	1	0	0
3	20000	1	0	4
4	20000	1	0	0
5	20000	1	0	0
6	20000	1	0	0
7	20000	1	0	0
8	20000	1	0	0
9	20000	1	19976	19997
10	20000	1	0	0
11	20000	1	0	0
12	20000	1	0	4
13	20000	1	0	9998
1	20000	1	38563	48560
2	20000	1	0	0
3	20000	1	0	4
4	20000	1	0	0
5	20000	1	0	0
6	20000	1	0	0
7	20000	1	0	0
8	20000	1	0	0
9	20000	1	19973	19997
10	20000	1	0	0
11	20000	1	0	0
12	20000	1	0	4
13	20000	1	0	9998
1	20000	1	38317	48314
2	20000	1	0	0
3	20000	1	0	4
4	20000	1	0	0
5	20000	1	0	0
6	20000	1	0	0
7	20000	1	0	0
8	20000	1	0	0
9	20000	1	19960	19997
10	20000	1	0	0
11	20000	1	0	0
12	20000	1	0	4
13	20000	1	0	9998
1	20000	1	38770	48767
2	20000	1	0	0
3	20000	1	0	4
4	20000	1	0	0
5	20000	1	0	0
6	20000	1	0	0
7	20000	1	0	0
8	20000	1	0	0
9	20000	1	19975	19997
10	20000	1	0	0
11	20000	1	0	0
12	20000	1	0	4
13	20000	1	0	9999
1	20000	1	38819	48816
2	20000	1	0	0
3	20000	1	0	4
4	20000	1	0	0
5	20000	1	0	0
6	20000	1	0	0
7	20000	1	0	0
8	20000	1	0	0
9	20000	1	19986	19997
10	20000	1	0	0
11	20000	1	0	0
12	20000	1	0	4
13	20000	1	0	9998
1	20000	1	39497	49494
2	20000	1	0	0
3	20000	1	0	4
4	20000	1	0	0
5	20000	1	0	0
6	20000	1	0	0
7	20000	1	0	0
8	20000	1	0	0
9	20000	1	19959	19997
10	20000	1	0	0
11	20000	1	0	0
12	20000	1	0	4
13	20000	1	0	9998
1	20000	1	141583	151574
2	20000	1	0	0
3	20000	1	0	15
4	20000	1	0	0
5	20000	1	0	0
6	20000	1	0	0
7	20000	1	0	0
8	20000	1	0	0
9	20000	1	19836	19997
10	20000	1	0	0
11	20000	1	0	0
12	20000	1	0	15
13	20000	1	0	9999
1	20000	1	218279	228267
2	20000	1	0	0
3	20000	1	0	22
4	20000	1	0	0
5	20000	1	0	0
6	20000	1	0	0
7	20000	1	0	0
8	20000	1	0	0
9	20000	1	19553	19997
10	20000	1	0	0
11	20000	1	0	0
12	20000	1	0	22
13	20000	1	0	9999
1	20000	1	177165	187155
2	20000	1	0	0
3	20000	1	0	18
4	20000	1	0	0
5	20000	1	0	0
6	20000	1	0	0
7	20000	1	0	0
8	20000	1	0	0
9	20000	1	19890	19997
10	20000	1	0	0
11	20000	1	0	0
12	20000	1	0	18
13	20000	1	0	9998
1	20000	1	167375	177365
2	20000	1	0	0
3	20000	1	0	17
4	20000	1	0	0
5	20000	1	0	0
6	20000	1	0	0
7	20000	1	0	0
8	20000	1	0	0
9	20000	1	19671	19997
10	20000	1	0	0
11	20000	1	0	0
12	20000	1	0	17
13	20000	1	0	9998
1	20000	1	202727	212715
2	20000	1	0	0
3	20000	1	0	21
4	20000	1	0	0
5	20000	1	0	0
6	20000	1	0	0
7	20000	1	0	0
8	20000	1	0	0
9	20000	1	19613	19997
10	20000	1	0	0
11	20000	1	0	0
12	20000	1	0	21
13	20000	1	0	9999
1	20000	1	210071	220059
2	20000	1	0	0
3	20000	1	0	22
4	20000	1	0	0
5	20000	1	0	0
6	20000	1	0	0
7	20000	1	0	0
8	20000	1	0	0
9	20000	1	19856	19997
10	20000	1	0	0
11	20000	1	0	0
12	20000	1	0	22
13	20000	1	0	9999
1	20000	1	193503651	193503974
2	20000	1	0	0
3	20000	1	0	19351
4	20000	1	0	0
5	20000	1	0	0
6	20000	1	0	9362
7	20000	1	0	0
8	20000	1	0	0
9	20000	1	326	19997
10	20000	1	0	0
11	20000	1	0	0
12	20000	1	0	19350
13	20000	1	0	9999
1	20000	1	182666074	182666939
2	20000	1	0	0
3	20000	1	0	18267
4	20000	1	0	0
5	20000	1	0	0
6	20000	1	0	8343
7	20000	1	0	0
8	20000	1	0	0
9	20000	1	893	19997
10	20000	1	0	0
11	20000	1	0	0
12	20000	1	0	18266
13	20000	1	0	9999
1	20000	1	193110455	193110797
2	20000	1	0	0
3	20000	1	0	19312
4	20000	1	0	0
5	20000	1	0	0
6	20000	1	0	9324
7	20000	1	0	0
8	20000	1	0	0
9	20000	1	346	19997
10	20000	1	0	0
11	20000	1	0	0
12	20000	1	0	19311
13	20000	1	0	9999
1	20000	1	193366085	193366415
2	20000	1	0	0
3	20000	1	0	19337
4	20000	1	0	0
5	20000	1	0	0
6	20000	1	0	9349
7	20000	1	0	0
8	20000	1	0	0
9	20000	1	333	19997
10	20000	1	0	0
11	20000	1	0	0
12	20000	1	0	19336
13	20000	1	0	9999
1	20000	1	193504111	193504434
2	20000	1	0	0
3	20000	1	0	19351
4	20000	1	0	0
5	20000	1	0	0
6	20000	1	0	9362
7	20000	1	0	0
8	20000	1	0	0
9	20000	1	19995	19997
10	20000	1	0	0
11	20000	1	0	0
12	20000	1	0	19350
13	20000	1	0	9999
1	20000	1	186353373	186354053
2	20000	1	0	0
3	20000	1	0	18636
4	20000	1	0	0
5	20000	1	0	0
6	20000	1	0	8683
7	20000	1	0	0
8	20000	1	0	0
9	20000	1	694	19997
10	20000	1	0	0
11	20000	1	0	0
12	20000	1	0	18635
13	20000	1	0	9999
1	20000	2	152370	172359
2	20000	2	0	2
3	20000	2	62	34
4	20000	2	0	0
5	20000	2	0	0
6	20000	2	0	0
7	20000	2	0	0
8	20000	2	0	0
9	20000	2	79839	79984
10	20000	2	0	0
11	20000	2	0	7
12	20000	2	0	34
13	20000	2	19998	39994
1	20000	2	151177	171166
2	20000	2	0	2
3	20000	2	66	34
4	20000	2	0	0
5	20000	2	0	0
6	20000	2	0	0
7	20000	2	0	0
8	20000	2	0	0
9	20000	2	79849	79984
10	20000	2	0	0
11	20000	2	0	7
12	20000	2	0	34
13	20000	2	19998	39994
1	20000	2	156494	176483
2	20000	2	0	2
3	20000	2	65	35
4	20000	2	0	0
5	20000	2	0	0
6	20000	2	0	0
7	20000	2	0	0
8	20000	2	0	0
9	20000	2	79824	79984
10	20000	2	0	0
11	20000	2	0	7
12	20000	2	0	35
13	20000	2	19998	39994
1	20000	2	155401	175390
2	20000	2	0	2
3	20000	2	73	35
4	20000	2	0	0
5	20000	2	0	0
6	20000	2	0	0
7	20000	2	0	0
8	20000	2	0	0
9	20000	2	79881	79984
10	20000	2	0	0
11	20000	2	0	7
12	20000	2	0	35
13	20000	2	19998	39994
1	20000	2	151344	171333
2	20000	2	0	2
3	20000	2	65	34
4	20000	2	0	0
5	20000	2	0	0
6	20000	2	0	0
7	20000	2	0	0
8	20000	2	0	0
9	20000	2	79839	79984
10	20000	2	0	0
11	20000	2	0	7
12	20000	2	0	34
13	20000	2	19998	39994
1	20000	2	153184	173173
2	20000	2	0	2
3	20000	2	61	34
4	20000	2	0	0
5	20000	2	0	0
6	20000	2	0	0
7	20000	2	0	0
8	20000	2	0	0
9	20000	2	79866	79984
10	20000	2	0	0
11	20000	2	0	7
12	20000	2	0	34
13	20000	2	19998	39994
1	20000	2	3234443	3254278
2	20000	2	0	2
3	20000	2	904	650
4	20000	2	0	0
5	20000	2	0	0
6	20000	2	0	2
7	20000	2	0	0
8	20000	2	0	0
9	20000	2	76066	79984
10	20000	2	0	0
11	20000	2	0	7
12	20000	2	0	650
13	20000	2	19998	39994
1	20000	2	2543656	2563526
2	20000	2	0	2
3	20000	2	688	512
4	20000	2	0	0
5	20000	2	0	0
6	20000	2	0	1
7	20000	2	0	0
8	20000	2	0	0
9	20000	2	76393	79984
10	20000	2	0	0
11	20000	2	0	7
12	20000	2	0	512
13	20000	2	19998	39994
1	20000	2	2106010	2125902
2	20000	2	0	2
3	20000	2	625	425
4	20000	2	0	0
5	20000	2	0	0
6	20000	2	0	1
7	20000	2	0	0
8	20000	2	0	0
9	20000	2	77270	79984
10	20000	2	0	0
11	20000	2	0	7
12	20000	2	0	425
13	20000	2	19998	39994
1	20000	2	2357923	2377802
2	20000	2	0	2
3	20000	2	743	475
4	20000	2	0	0
5	20000	2	0	0
6	20000	2	0	1
7	20000	2	0	0
8	20000	2	0	0
9	20000	2	76341	79984
10	20000	2	0	0
11	20000	2	0	7
12	20000	2	0	475
13	20000	2	19998	39994
1	20000	2	2665376	2685240
2	20000	2	0	2
3	20000	2	757	537
4	20000	2	0	0
5	20000	2	0	0
6	20000	2	0	1
7	20000	2	0	0
8	20000	2	0	0
9	20000	2	76199	79984
10	20000	2	0	0
11	20000	2	0	7
12	20000	2	0	537
13	20000	2	19998	39994
1	20000	2	2426954	2446830
2	20000	2	0	2
3	20000	2	685	489
4	20000	2	0	0
5	20000	2	0	0
6	20000	2	0	1
7	20000	2	0	0
8	20000	2	0	0
9	20000	2	76560	79984
10	20000	2	0	0
11	20000	2	0	7
12	20000	2	0	489
13	20000	2	19998	39994
1	20000	2	389648787	389649301
2	20000	2	0	2
3	20000	2	19971	77932
4	20000	2	0	1
5	20000	2	0	3
6	20000	2	0	37964
7	20000	2	0	7
8	20000	2	0	7
9	20000	2	20786	79984
10	20000	2	0	3
11	20000	2	0	7
12	20000	2	0	77927
13	20000	2	19998	39994
1	20000	2	389688833	389689345
2	20000	2	0	2
3	20000	2	19967	77940
4	20000	2	0	1
5	20000	2	0	3
6	20000	2	0	37972
7	20000	2	0	7
8	20000	2	0	7
9	20000	2	20746	79984
10	20000	2	0	3
11	20000	2	0	7
12	20000	2	0	77935
13	20000	2	19998	39994
1	20000	2	321884764	321888666
2	20000	2	0	2
3	20000	2	19578	64380
4	20000	2	0	0
5	20000	2	0	3
6	20000	2	0	25908
7	20000	2	0	6
8	20000	2	0	5
9	20000	2	40455	79984
10	20000	2	0	3
11	20000	2	0	7
12	20000	2	0	64376
13	20000	2	19998	39994
1	20000	2	389787467	389787974
2	20000	2	0	2
3	20000	2	19965	77960
4	20000	2	0	1
5	20000	2	0	3
6	20000	2	0	37991
7	20000	2	0	7
8	20000	2	0	7
9	20000	2	40424	79984
10	20000	2	0	3
11	20000	2	0	7
12	20000	2	0	77955
13	20000	2	19998	39994
1	20000	2	390616500	390616965
2	20000	2	0	2
3	20000	2	19983	78126
4	20000	2	0	1
5	20000	2	0	3
6	20000	2	0	38153
7	20000	2	0	7
8	20000	2	0	7
9	20000	2	40421	79984
10	20000	2	0	3
11	20000	2	0	7
12	20000	2	0	78121
13	20000	2	19998	39994
1	20000	2	314443793	314448067
2	20000	2	0	2
3	20000	2	19748	62891
4	20000	2	0	0
5	20000	2	0	3
6	20000	2	0	24724
7	20000	2	0	6
8	20000	2	0	4
9	20000	2	27364	79984
10	20000	2	0	3
11	20000	2	0	7
12	20000	2	0	62888
13	20000	2	19998	39994
1	20000	3	343098	373076
2	20000	3	0	8
3	20000	3	270	111
4	20000	3	0	0
5	20000	3	0	0
6	20000	3	0	0
7	20000	3	0	0
8	20000	3	0	0
9	20000	3	179589	179955
10	20000	3	0	0
11	20000	3	0	26
12	20000	3	0	111
13	20000	3	59992	89984
1	20000	3	352400	382377
2	20000	3	0	8
3	20000	3	274	114
4	20000	3	0	0
5	20000	3	0	0
6	20000	3	0	0
7	20000	3	0	0
8	20000	3	0	0
9	20000	3	179518	179955
10	20000	3	0	0
11	20000	3	0	26
12	20000	3	0	114
13	20000	3	59992	89984
1	20000	3	350160	380137
2	20000	3	0	8
3	20000	3	287	114
4	20000	3	0	0
5	20000	3	0	0
6	20000	3	0	0
7	20000	3	0	0
8	20000	3	0	0
9	20000	3	179548	179955
10	20000	3	0	0
11	20000	3	0	26
12	20000	3	0	114
13	20000	3	59992	89984
1	20000	3	351727	381704
2	20000	3	0	8
3	20000	3	297	114
4	20000	3	0	0
5	20000	3	0	0
6	20000	3	0	0
7	20000	3	0	0
8	20000	3	0	0
9	20000	3	179548	179955
10	20000	3	0	0
11	20000	3	0	26
12	20000	3	0	114
13	20000	3	59992	89984
1	20000	3	344013	373991
2	20000	3	0	8
3	20000	3	288	112
4	20000	3	0	0
5	20000	3	0	0
6	20000	3	0	0
7	20000	3	0	0
8	20000	3	0	0
9	20000	3	179535	179955
10	20000	3	0	0
11	20000	3	0	26
12	20000	3	0	112
13	20000	3	59992	89984
1	20000	3	350527	380504
2	20000	3	0	8
3	20000	3	295	114
4	20000	3	0	0
5	20000	3	0	0
6	20000	3	0	0
7	20000	3	0	0
8	20000	3	0	0
9	20000	3	179537	179955
10	20000	3	0	0
11	20000	3	0	26
12	20000	3	0	114
13	20000	3	59992	89984
1	20000	3	10569264	10598731
2	20000	3	0	8
3	20000	3	5346	3179
4	20000	3	0	0
5	20000	3	0	0
6	20000	3	0	28
7	20000	3	0	0
8	20000	3	0	0
9	20000	3	167456	179955
10	20000	3	0	0
11	20000	3	0	26
12	20000	3	0	3179
13	20000	3	59992	89984
1	20000	3	9928821	9958320
2	20000	3	0	8
3	20000	3	5009	2987
4	20000	3	0	0
5	20000	3	0	0
6	20000	3	0	24
7	20000	3	0	0
8	20000	3	0	0
9	20000	3	168899	179955
10	20000	3	0	0
11	20000	3	0	26
12	20000	3	0	2987
13	20000	3	59992	89984
1	20000	3	9154752	9184289
2	20000	3	0	8
3	20000	3	4391	2755
4	20000	3	0	0
5	20000	3	0	0
6	20000	3	0	21
7	20000	3	0	0
8	20000	3	0	0
9	20000	3	168698	179955
10	20000	3	0	0
11	20000	3	0	26
12	20000	3	0	2755
13	20000	3	59992	89984
1	20000	3	8537798	8567366
2	20000	3	0	8
3	20000	3	4257	2570
4	20000	3	0	0
5	20000	3	0	0
6	20000	3	0	18
7	20000	3	0	0
8	20000	3	0	0
9	20000	3	169781	179955
10	20000	3	0	0
11	20000	3	0	26
12	20000	3	0	2570
13	20000	3	59992	89984
1	20000	3	7781228	7810834
2	20000	3	0	8
3	20000	3	3829	2343
4	20000	3	0	0
5	20000	3	0	0
6	20000	3	0	15
7	20000	3	0	0
8	20000	3	0	0
9	20000	3	170816	179955
10	20000	3	0	0
11	20000	3	0	26
12	20000	3	0	2343
13	20000	3	59992	89984
1	20000	3	11612604	11642018
2	20000	3	0	8
3	20000	3	5745	3492
4	20000	3	0	0
5	20000	3	0	0
6	20000	3	0	33
7	20000	3	0	0
8	20000	3	0	0
9	20000	3	165054	179955
10	20000	3	0	0
11	20000	3	0	26
12	20000	3	0	3492
13	20000	3	59992	89984
1	20000	3	587536390	587537007
2	20000	3	0	8
3	20000	3	59943	176265
4	20000	3	0	4
5	20000	3	0	13
6	20000	3	0	86319
7	20000	3	0	26
8	20000	3	0	25
9	20000	3	61275	179955
10	20000	3	0	13
11	20000	3	0	26
12	20000	3	0	176252
13	20000	3	59992	89984
1	20000	3	587892570	587893169
2	20000	3	0	8
3	20000	3	59945	176372
4	20000	3	0	4
5	20000	3	0	13
6	20000	3	0	86424
7	20000	3	0	26
8	20000	3	0	25
9	20000	3	61161	179955
10	20000	3	0	13
11	20000	3	0	26
12	20000	3	0	176359
13	20000	3	59992	89984
1	20000	3	587003166	587003809
2	20000	3	0	8
3	20000	3	59930	176106
4	20000	3	0	4
5	20000	3	0	13
6	20000	3	0	86162
7	20000	3	0	26
8	20000	3	0	25
9	20000	3	61300	179955
10	20000	3	0	13
11	20000	3	0	26
12	20000	3	0	176092
13	20000	3	59992	89984
1	20000	3	579400471	579401495
2	20000	3	0	8
3	20000	3	59899	173825
4	20000	3	0	4
5	20000	3	0	13
6	20000	3	0	83945
7	20000	3	0	26
8	20000	3	0	25
9	20000	3	81645	179955
10	20000	3	0	13
11	20000	3	0	26
12	20000	3	0	173811
13	20000	3	59992	89984
1	20000	3	442563049	442570915
2	20000	3	0	8
3	20000	3	59694	132774
4	20000	3	0	1
5	20000	3	0	9
6	20000	3	0	48978
7	20000	3	0	19
8	20000	3	0	14
9	20000	3	89292	179955
10	20000	3	0	9
11	20000	3	0	26
12	20000	3	0	132764
13	20000	3	59992	89984
1	20000	3	579374765	579375790
2	20000	3	0	8
3	20000	3	59872	173817
4	20000	3	0	4
5	20000	3	0	13
6	20000	3	0	83938
7	20000	3	0	26
8	20000	3	0	25
9	20000	3	81465	179955
10	20000	3	0	13
11	20000	3	0	26
12	20000	3	0	173804
13	20000	3	59992	89984
1	20000	6	1422371	1482286
2	20000	6	0	71
3	20000	6	2610	889
4	20000	6	0	0
5	20000	6	0	0
6	20000	6	0	0
7	20000	6	0	0
8	20000	6	0	0
9	20000	6	716767	719712
10	20000	6	0	0
11	20000	6	0	215
12	20000	6	0	889
13	20000	6	299930	359901
1	20000	6	1444263	1504177
2	20000	6	0	71
3	20000	6	2681	902
4	20000	6	0	0
5	20000	6	0	0
6	20000	6	0	0
7	20000	6	0	0
8	20000	6	0	0
9	20000	6	717088	719712
10	20000	6	0	0
11	20000	6	0	215
12	20000	6	0	902
13	20000	6	299930	359901
1	20000	6	1448781	1508695
2	20000	6	0	71
3	20000	6	2681	905
4	20000	6	0	0
5	20000	6	0	0
6	20000	6	0	0
7	20000	6	0	0
8	20000	6	0	0
9	20000	6	716821	719712
10	20000	6	0	0
11	20000	6	0	215
12	20000	6	0	905
13	20000	6	299930	359901
1	20000	6	1422458	1482373
2	20000	6	0	71
3	20000	6	2842	889
4	20000	6	0	0
5	20000	6	0	0
6	20000	6	0	0
7	20000	6	0	0
8	20000	6	0	0
9	20000	6	716628	719712
10	20000	6	0	0
11	20000	6	0	215
12	20000	6	0	889
13	20000	6	299930	359901
1	20000	6	1410942	1470857
2	20000	6	0	71
3	20000	6	2603	882
4	20000	6	0	0
5	20000	6	0	0
6	20000	6	0	0
7	20000	6	0	0
8	20000	6	0	0
9	20000	6	716936	719712
10	20000	6	0	0
11	20000	6	0	215
12	20000	6	0	882
13	20000	6	299930	359901
1	20000	6	1440694	1500608
2	20000	6	0	71
3	20000	6	2799	900
4	20000	6	0	0
5	20000	6	0	0
6	20000	6	0	0
7	20000	6	0	0
8	20000	6	0	0
9	20000	6	716675	719712
10	20000	6	0	0
11	20000	6	0	215
12	20000	6	0	900
13	20000	6	299930	359901
1	20000	6	66476797	66533459
2	20000	6	0	71
3	20000	6	64514	39920
4	20000	6	0	0
5	20000	6	0	5
6	20000	6	0	1106
7	20000	6	0	11
8	20000	6	0	0
9	20000	6	639804	719712
10	20000	6	0	5
11	20000	6	0	215
12	20000	6	0	39915
13	20000	6	299930	359901
1	20000	6	62439490	62496354
2	20000	6	0	71
3	20000	6	60791	37497
4	20000	6	0	0
5	20000	6	0	5
6	20000	6	0	976
7	20000	6	0	11
8	20000	6	0	0
9	20000	6	640869	719712
10	20000	6	0	5
11	20000	6	0	215
12	20000	6	0	37493
13	20000	6	299930	359901
1	20000	6	66040357	66097041
2	20000	6	0	71
3	20000	6	64561	39658
4	20000	6	0	0
5	20000	6	0	5
6	20000	6	0	1092
7	20000	6	0	11
8	20000	6	0	0
9	20000	6	640409	719712
10	20000	6	0	5
11	20000	6	0	215
12	20000	6	0	39653
13	20000	6	299930	359901
1	20000	6	70756539	70812987
2	20000	6	0	71
3	20000	6	67509	42487
4	20000	6	0	0
5	20000	6	0	6
6	20000	6	0	1253
7	20000	6	0	12
8	20000	6	0	0
9	20000	6	633475	719712
10	20000	6	0	6
11	20000	6	0	215
12	20000	6	0	42482
13	20000	6	299930	359901
1	20000	6	68535265	68591824
2	20000	6	0	71
3	20000	6	65019	41155
4	20000	6	0	0
5	20000	6	0	6
6	20000	6	0	1176
7	20000	6	0	12
8	20000	6	0	0
9	20000	6	637964	719712
10	20000	6	0	6
11	20000	6	0	215
12	20000	6	0	41149
13	20000	6	299930	359901
1	20000	6	69223475	69280000
2	20000	6	0	71
3	20000	6	67968	41568
4	20000	6	0	0
5	20000	6	0	6
6	20000	6	0	1200
7	20000	6	0	12
8	20000	6	0	0
9	20000	6	631538	719712
10	20000	6	0	6
11	20000	6	0	215
12	20000	6	0	41562
13	20000	6	299930	359901
1	20000	6	1064069513	1064076293
2	20000	6	0	71
3	20000	6	293061	638446
4	20000	6	0	25
5	20000	6	0	95
6	20000	6	0	283142
7	20000	6	0	191
8	20000	6	0	169
9	20000	6	329911	719712
10	20000	6	0	95
11	20000	6	0	215
12	20000	6	0	638365
13	20000	6	299930	359901
1	20000	6	1128253743	1128257313
2	20000	6	0	71
3	20000	6	298861	676955
4	20000	6	0	29
5	20000	6	0	101
6	20000	6	0	318329
7	20000	6	0	203
8	20000	6	0	190
9	20000	6	332015	719712
10	20000	6	0	101
11	20000	6	0	215
12	20000	6	0	676869
13	20000	6	299930	359901
1	20000	6	1016800459	1016809602
2	20000	6	0	71
3	20000	6	286723	610086
4	20000	6	0	21
5	20000	6	0	91
6	20000	6	0	258546
7	20000	6	0	183
8	20000	6	0	155
9	20000	6	355764	719712
10	20000	6	0	91
11	20000	6	0	215
12	20000	6	0	610009
13	20000	6	299930	359901
1	20000	6	1078466654	1078472714
2	20000	6	0	71
3	20000	6	297786	647084
4	20000	6	0	26
5	20000	6	0	97
6	20000	6	0	290856
7	20000	6	0	194
8	20000	6	0	174
9	20000	6	322694	719712
10	20000	6	0	97
11	20000	6	0	215
12	20000	6	0	647002
13	20000	6	299930	359901
1	20000	6	1020153823	1020162799
2	20000	6	0	71
3	20000	6	299423	612098
4	20000	6	0	22
5	20000	6	0	91
6	20000	6	0	260254
7	20000	6	0	183
8	20000	6	0	156
9	20000	6	352106	719712
10	20000	6	0	91
11	20000	6	0	215
12	20000	6	0	612021
13	20000	6	299930	359901
1	20000	6	1017845585	1017854676
2	20000	6	0	71
3	20000	6	299395	610713
4	20000	6	0	21
5	20000	6	0	91
6	20000	6	0	259078
7	20000	6	0	183
8	20000	6	0	155
9	20000	6	354821	719712
10	20000	6	0	91
11	20000	6	0	215
12	20000	6	0	610636
13	20000	6	299930	359901
