motif	num_nodes	forward_burning_p	num_nodes	mean	perc_err
1	200	0.1	292	398
2	200	0.1	0	0
3	200	0.1	19	4
4	200	0.1	0	0
5	200	0.1	0	0
6	200	0.1	0	0
7	200	0.1	0	0
8	200	0.1	0	0
9	200	0.1	225	236
10	200	0.1	0	0
11	200	0.1	0	1
12	200	0.1	0	4
13	200	0.1	21	129
1	200	0.1	296	402
2	200	0.1	0	0
3	200	0.1	19	4
4	200	0.1	0	0
5	200	0.1	0	0
6	200	0.1	0	0
7	200	0.1	0	0
8	200	0.1	0	0
9	200	0.1	246	236
10	200	0.1	0	0
11	200	0.1	0	1
12	200	0.1	0	4
13	200	0.1	19	127
1	200	0.1	269	377
2	200	0.1	0	0
3	200	0.1	23	4
4	200	0.1	0	0
5	200	0.1	0	0
6	200	0.1	0	0
7	200	0.1	0	0
8	200	0.1	0	0
9	200	0.1	243	242
10	200	0.1	0	0
11	200	0.1	0	1
12	200	0.1	0	4
13	200	0.1	24	133
1	200	0.1	284	392
2	200	0.1	0	0
3	200	0.1	21	4
4	200	0.1	0	0
5	200	0.1	0	0
6	200	0.1	0	0
7	200	0.1	0	0
8	200	0.1	0	0
9	200	0.1	229	240
10	200	0.1	0	0
11	200	0.1	0	1
12	200	0.1	0	4
13	200	0.1	23	132
1	200	0.3	790	927
2	200	0.3	0	0
3	200	0.3	104	17
4	200	0.3	0	0
5	200	0.3	0	0
6	200	0.3	0	0
7	200	0.3	0	0
8	200	0.3	0	0
9	200	0.3	369	401
10	200	0.3	0	0
11	200	0.3	0	3
12	200	0.3	0	13
13	200	0.3	118	258
1	200	0.3	658	790
2	200	0.3	0	0
3	200	0.3	78	14
4	200	0.3	0	0
5	200	0.3	0	0
6	200	0.3	0	0
7	200	0.3	0	0
8	200	0.3	0	0
9	200	0.3	341	370
10	200	0.3	0	0
11	200	0.3	0	3
12	200	0.3	0	10
13	200	0.3	105	240
1	200	0.3	685	824
2	200	0.3	0	0
3	200	0.3	101	15
4	200	0.3	0	0
5	200	0.3	0	0
6	200	0.3	0	0
7	200	0.3	0	0
8	200	0.3	0	0
9	200	0.3	394	412
10	200	0.3	0	0
11	200	0.3	0	3
12	200	0.3	0	11
13	200	0.3	125	267
1	200	0.3	845	987
2	200	0.3	0	1
3	200	0.3	113	19
4	200	0.3	0	0
5	200	0.3	0	0
6	200	0.3	0	0
7	200	0.3	0	0
8	200	0.3	0	0
9	200	0.3	380	432
10	200	0.3	0	0
11	200	0.3	0	4
12	200	0.3	0	14
13	200	0.3	142	288
1	200	0.5	2466	2655
2	200	0.5	0	2
3	200	0.5	269	77
4	200	0.5	0	0
5	200	0.5	0	0
6	200	0.5	0	2
7	200	0.5	0	0
8	200	0.5	0	0
9	200	0.5	577	820
10	200	0.5	0	0
11	200	0.5	0	11
12	200	0.5	0	54
13	200	0.5	385	585
1	200	0.5	3497	3675
2	200	0.5	0	2
3	200	0.5	286	110
4	200	0.5	0	0
5	200	0.5	0	0
6	200	0.5	0	5
7	200	0.5	0	1
8	200	0.5	0	0
9	200	0.5	579	772
10	200	0.5	0	0
11	200	0.5	0	11
12	200	0.5	0	72
13	200	0.5	392	586
1	200	0.5	4127	4303
2	200	0.5	0	2
3	200	0.5	278	119
4	200	0.5	0	0
5	200	0.5	0	0
6	200	0.5	0	6
7	200	0.5	0	1
8	200	0.5	0	0
9	200	0.5	550	784
10	200	0.5	0	0
11	200	0.5	0	10
12	200	0.5	0	85
13	200	0.5	350	545
1	200	0.5	3665	3833
2	200	0.5	0	2
3	200	0.5	237	104
4	200	0.5	0	0
5	200	0.5	0	0
6	200	0.5	0	5
7	200	0.5	0	0
8	200	0.5	0	0
9	200	0.5	499	699
10	200	0.5	0	0
11	200	0.5	0	9
12	200	0.5	0	72
13	200	0.5	322	506
1	200	0.7	14479	14713
2	200	0.7	0	9
3	200	0.7	862	647
4	200	0.7	0	0
5	200	0.7	0	5
6	200	0.7	0	78
7	200	0.7	0	10
8	200	0.7	0	3
9	200	0.7	1214	1893
10	200	0.7	0	7
11	200	0.7	0	41
12	200	0.7	0	456
13	200	0.7	1043	1344
1	200	0.7	12854	13078
2	200	0.7	0	8
3	200	0.7	681	530
4	200	0.7	0	0
5	200	0.7	0	3
6	200	0.7	0	60
7	200	0.7	0	7
8	200	0.7	0	2
9	200	0.7	948	1679
10	200	0.7	0	5
11	200	0.7	0	34
12	200	0.7	0	381
13	200	0.7	883	1167
1	200	0.7	16490	16750
2	200	0.7	0	13
3	200	0.7	1196	869
4	200	0.7	0	0
5	200	0.7	0	7
6	200	0.7	0	106
7	200	0.7	0	15
8	200	0.7	0	5
9	200	0.7	1662	2375
10	200	0.7	0	11
11	200	0.7	0	61
12	200	0.7	0	581
13	200	0.7	1438	1774
1	200	0.7	14414	14673
2	200	0.7	0	12
3	200	0.7	968	663
4	200	0.7	0	0
5	200	0.7	0	5
6	200	0.7	0	73
7	200	0.7	0	11
8	200	0.7	0	3
9	200	0.7	1268	2213
10	200	0.7	0	7
11	200	0.7	0	50
12	200	0.7	0	491
13	200	0.7	1167	1492
1	200	0.9	20979	21262
2	200	0.9	0	19
3	200	0.9	1444	1075
4	200	0.9	0	0
5	200	0.9	0	10
6	200	0.9	0	147
7	200	0.9	0	21
8	200	0.9	0	7
9	200	0.9	1560	3034
10	200	0.9	0	13
11	200	0.9	0	76
12	200	0.9	0	834
13	200	0.9	1574	1954
1	200	0.9	29793	30061
2	200	0.9	0	24
3	200	0.9	1647	1555
4	200	0.9	0	1
5	200	0.9	0	16
6	200	0.9	0	280
7	200	0.9	0	32
8	200	0.9	0	14
9	200	0.9	1765	3518
10	200	0.9	0	20
11	200	0.9	0	91
12	200	0.9	0	1270
13	200	0.9	1745	2154
1	200	0.9	23201	23482
2	200	0.9	0	21
3	200	0.9	1501	1174
4	200	0.9	0	0
5	200	0.9	0	11
6	200	0.9	0	173
7	200	0.9	0	23
8	200	0.9	0	8
9	200	0.9	1603	3191
10	200	0.9	0	14
11	200	0.9	0	79
12	200	0.9	0	945
13	200	0.9	1593	1983
1	200	0.9	19612	19852
2	200	0.9	0	13
3	200	0.9	1019	831
4	200	0.9	0	0
5	200	0.9	0	7
6	200	0.9	0	122
7	200	0.9	0	14
8	200	0.9	0	5
9	200	0.9	1090	2313
10	200	0.9	0	8
11	200	0.9	0	48
12	200	0.9	0	680
13	200	0.9	1080	1413
1	500	0.1	696	969
2	500	0.1	0	0
3	500	0.1	52	4
4	500	0.1	0	0
5	500	0.1	0	0
6	500	0.1	0	0
7	500	0.1	0	0
8	500	0.1	0	0
9	500	0.1	597	603
10	500	0.1	0	0
11	500	0.1	0	1
12	500	0.1	0	4
13	500	0.1	60	334
1	500	0.1	655	923
2	500	0.1	0	0
3	500	0.1	41	4
4	500	0.1	0	0
5	500	0.1	0	0
6	500	0.1	0	0
7	500	0.1	0	0
8	500	0.1	0	0
9	500	0.1	570	582
10	500	0.1	0	0
11	500	0.1	0	1
12	500	0.1	0	3
13	500	0.1	44	313
1	500	0.1	760	1037
2	500	0.1	0	0
3	500	0.1	62	5
4	500	0.1	0	0
5	500	0.1	0	0
6	500	0.1	0	0
7	500	0.1	0	0
8	500	0.1	0	0
9	500	0.1	610	625
10	500	0.1	0	0
11	500	0.1	0	1
12	500	0.1	0	4
13	500	0.1	67	346
1	500	0.1	767	1043
2	500	0.1	0	0
3	500	0.1	58	5
4	500	0.1	0	0
5	500	0.1	0	0
6	500	0.1	0	0
7	500	0.1	0	0
8	500	0.1	0	0
9	500	0.1	600	619
10	500	0.1	0	0
11	500	0.1	0	1
12	500	0.1	0	4
13	500	0.1	68	345
1	500	0.3	2987	3351
2	500	0.3	0	1
3	500	0.3	278	26
4	500	0.3	0	0
5	500	0.3	0	0
6	500	0.3	0	0
7	500	0.3	0	0
8	500	0.3	0	0
9	500	0.3	968	1098
10	500	0.3	0	0
11	500	0.3	0	4
12	500	0.3	0	19
13	500	0.3	360	729
1	500	0.3	2499	2849
2	500	0.3	0	0
3	500	0.3	236	20
4	500	0.3	0	0
5	500	0.3	0	0
6	500	0.3	0	0
7	500	0.3	0	0
8	500	0.3	0	0
9	500	0.3	1021	1014
10	500	0.3	0	0
11	500	0.3	0	3
12	500	0.3	0	16
13	500	0.3	290	645
1	500	0.3	2613	2974
2	500	0.3	0	1
3	500	0.3	272	24
4	500	0.3	0	0
5	500	0.3	0	0
6	500	0.3	0	0
7	500	0.3	0	0
8	500	0.3	0	0
9	500	0.3	989	1075
10	500	0.3	0	0
11	500	0.3	0	4
12	500	0.3	0	17
13	500	0.3	379	744
1	500	0.3	2127	2490
2	500	0.3	0	1
3	500	0.3	270	20
4	500	0.3	0	0
5	500	0.3	0	0
6	500	0.3	0	0
7	500	0.3	0	0
8	500	0.3	0	0
9	500	0.3	1012	1084
10	500	0.3	0	0
11	500	0.3	0	4
12	500	0.3	0	14
13	500	0.3	377	744
1	500	0.5	11252	11770
2	500	0.5	0	3
3	500	0.5	865	161
4	500	0.5	0	0
5	500	0.5	0	0
6	500	0.5	0	3
7	500	0.5	0	0
8	500	0.5	0	0
9	500	0.5	1896	2345
10	500	0.5	0	0
11	500	0.5	0	16
12	500	0.5	0	102
13	500	0.5	1315	1853
1	500	0.5	9262	9764
2	500	0.5	0	3
3	500	0.5	760	126
4	500	0.5	0	0
5	500	0.5	0	0
6	500	0.5	0	2
7	500	0.5	0	0
8	500	0.5	0	0
9	500	0.5	1749	2175
10	500	0.5	0	0
11	500	0.5	0	14
12	500	0.5	0	81
13	500	0.5	1170	1688
1	500	0.5	15329	15857
2	500	0.5	0	3
3	500	0.5	906	210
4	500	0.5	0	0
5	500	0.5	0	0
6	500	0.5	0	5
7	500	0.5	0	0
8	500	0.5	0	0
9	500	0.5	1923	2503
10	500	0.5	0	0
11	500	0.5	0	16
12	500	0.5	0	142
13	500	0.5	1298	1854
1	500	0.5	8107	8607
2	500	0.5	0	2
3	500	0.5	716	106
4	500	0.5	0	0
5	500	0.5	0	0
6	500	0.5	0	1
7	500	0.5	0	0
8	500	0.5	0	0
9	500	0.5	1627	2142
10	500	0.5	0	0
11	500	0.5	0	13
12	500	0.5	0	71
13	500	0.5	1087	1601
1	500	0.7	70665	71358
2	500	0.7	0	12
3	500	0.7	2241	1353
4	500	0.7	0	0
5	500	0.7	0	4
6	500	0.7	0	115
7	500	0.7	0	9
8	500	0.7	0	2
9	500	0.7	3222	5593
10	500	0.7	0	6
11	500	0.7	0	53
12	500	0.7	0	957
13	500	0.7	3125	3954
1	500	0.7	67386	68079
2	500	0.7	0	12
3	500	0.7	2231	1291
4	500	0.7	0	0
5	500	0.7	0	4
6	500	0.7	0	106
7	500	0.7	0	8
8	500	0.7	0	2
9	500	0.7	3238	5500
10	500	0.7	0	6
11	500	0.7	0	52
12	500	0.7	0	905
13	500	0.7	3097	3919
1	500	0.7	78851	79526
2	500	0.7	0	12
3	500	0.7	2502	1571
4	500	0.7	0	0
5	500	0.7	0	5
6	500	0.7	0	150
7	500	0.7	0	10
8	500	0.7	0	2
9	500	0.7	3471	5566
10	500	0.7	0	7
11	500	0.7	0	54
12	500	0.7	0	1064
13	500	0.7	3281	4107
1	500	0.7	70978	71668
2	500	0.7	0	12
3	500	0.7	2491	1410
4	500	0.7	0	0
5	500	0.7	0	4
6	500	0.7	0	121
7	500	0.7	0	9
8	500	0.7	0	2
9	500	0.7	3449	5553
10	500	0.7	0	6
11	500	0.7	0	54
12	500	0.7	0	958
13	500	0.7	3260	4085
1	500	0.9	164378	165223
2	500	0.9	0	34
3	500	0.9	4600	3812
4	500	0.9	0	0
5	500	0.9	0	17
6	500	0.9	0	537
7	500	0.9	0	35
8	500	0.9	0	12
9	500	0.9	4963	11060
10	500	0.9	0	21
11	500	0.9	0	127
12	500	0.9	0	3117
13	500	0.9	5600	6763
1	500	0.9	207688	208597
2	500	0.9	0	49
3	500	0.9	6244	5665
4	500	0.9	0	1
5	500	0.9	0	30
6	500	0.9	0	893
7	500	0.9	0	60
8	500	0.9	0	24
9	500	0.9	6755	14080
10	500	0.9	0	38
11	500	0.9	0	191
12	500	0.9	0	4441
13	500	0.9	7671	8980
1	500	0.9	139065	139917
2	500	0.9	0	31
3	500	0.9	4735	3133
4	500	0.9	0	0
5	500	0.9	0	14
6	500	0.9	0	388
7	500	0.9	0	28
8	500	0.9	0	8
9	500	0.9	5063	10248
10	500	0.9	0	17
11	500	0.9	0	114
12	500	0.9	0	2541
13	500	0.9	5198	6318
1	500	0.9	169358	170261
2	500	0.9	0	41
3	500	0.9	5915	4341
4	500	0.9	0	0
5	500	0.9	0	21
6	500	0.9	0	596
7	500	0.9	0	43
8	500	0.9	0	15
9	500	0.9	6343	12375
10	500	0.9	0	27
11	500	0.9	0	157
12	500	0.9	0	3398
13	500	0.9	6675	7904
1	1000	0.1	1311	1860
2	1000	0.1	0	0
3	1000	0.1	103	4
4	1000	0.1	0	0
5	1000	0.1	0	0
6	1000	0.1	0	0
7	1000	0.1	0	0
8	1000	0.1	0	0
9	1000	0.1	1186	1213
10	1000	0.1	0	0
11	1000	0.1	0	1
12	1000	0.1	0	4
13	1000	0.1	118	668
1	1000	0.1	1399	1947
2	1000	0.1	0	0
3	1000	0.1	102	4
4	1000	0.1	0	0
5	1000	0.1	0	0
6	1000	0.1	0	0
7	1000	0.1	0	0
8	1000	0.1	0	0
9	1000	0.1	1203	1210
10	1000	0.1	0	0
11	1000	0.1	0	1
12	1000	0.1	0	4
13	1000	0.1	111	660
1	1000	0.1	1391	1937
2	1000	0.1	0	0
3	1000	0.1	97	4
4	1000	0.1	0	0
5	1000	0.1	0	0
6	1000	0.1	0	0
7	1000	0.1	0	0
8	1000	0.1	0	0
9	1000	0.1	1176	1200
10	1000	0.1	0	0
11	1000	0.1	0	1
12	1000	0.1	0	4
13	1000	0.1	104	651
1	1000	0.1	1535	2085
2	1000	0.1	0	0
3	1000	0.1	107	5
4	1000	0.1	0	0
5	1000	0.1	0	0
6	1000	0.1	0	0
7	1000	0.1	0	0
8	1000	0.1	0	0
9	1000	0.1	1245	1219
10	1000	0.1	0	0
11	1000	0.1	0	1
12	1000	0.1	0	4
13	1000	0.1	119	670
1	1000	0.1	1689	2252
2	1000	0.1	0	0
3	1000	0.1	134	5
4	1000	0.1	0	0
5	1000	0.1	0	0
6	1000	0.1	0	0
7	1000	0.1	0	0
8	1000	0.1	0	0
9	1000	0.1	1229	1277
10	1000	0.1	0	0
11	1000	0.1	0	1
12	1000	0.1	0	5
13	1000	0.1	152	716
1	1000	0.1	1518	2071
2	1000	0.1	0	0
3	1000	0.1	115	5
4	1000	0.1	0	0
5	1000	0.1	0	0
6	1000	0.1	0	0
7	1000	0.1	0	0
8	1000	0.1	0	0
9	1000	0.1	1203	1233
10	1000	0.1	0	0
11	1000	0.1	0	1
12	1000	0.1	0	4
13	1000	0.1	125	679
1	1000	0.3	5592	6337
2	1000	0.3	0	1
3	1000	0.3	589	26
4	1000	0.3	0	0
5	1000	0.3	0	0
6	1000	0.3	0	0
7	1000	0.3	0	0
8	1000	0.3	0	0
9	1000	0.3	2210	2256
10	1000	0.3	0	0
11	1000	0.3	0	4
12	1000	0.3	0	19
13	1000	0.3	790	1539
1	1000	0.3	5208	5946
2	1000	0.3	0	1
3	1000	0.3	550	23
4	1000	0.3	0	0
5	1000	0.3	0	0
6	1000	0.3	0	0
7	1000	0.3	0	0
8	1000	0.3	0	0
9	1000	0.3	2007	2211
10	1000	0.3	0	0
11	1000	0.3	0	4
12	1000	0.3	0	17
13	1000	0.3	745	1487
1	1000	0.3	5465	6198
2	1000	0.3	0	1
3	1000	0.3	558	24
4	1000	0.3	0	0
5	1000	0.3	0	0
6	1000	0.3	0	0
7	1000	0.3	0	0
8	1000	0.3	0	0
9	1000	0.3	2017	2185
10	1000	0.3	0	0
11	1000	0.3	0	4
12	1000	0.3	0	18
13	1000	0.3	715	1453
1	1000	0.3	4500	5205
2	1000	0.3	0	0
3	1000	0.3	475	19
4	1000	0.3	0	0
5	1000	0.3	0	0
6	1000	0.3	0	0
7	1000	0.3	0	0
8	1000	0.3	0	0
9	1000	0.3	1870	2020
10	1000	0.3	0	0
11	1000	0.3	0	3
12	1000	0.3	0	14
13	1000	0.3	634	1343
1	1000	0.3	4979	5700
2	1000	0.3	0	1
3	1000	0.3	523	22
4	1000	0.3	0	0
5	1000	0.3	0	0
6	1000	0.3	0	0
7	1000	0.3	0	0
8	1000	0.3	0	0
9	1000	0.3	2039	2114
10	1000	0.3	0	0
11	1000	0.3	0	4
12	1000	0.3	0	16
13	1000	0.3	706	1432
1	1000	0.3	4690	5406
2	1000	0.3	0	1
3	1000	0.3	494	20
4	1000	0.3	0	0
5	1000	0.3	0	0
6	1000	0.3	0	0
7	1000	0.3	0	0
8	1000	0.3	0	0
9	1000	0.3	1893	2080
10	1000	0.3	0	0
11	1000	0.3	0	3
12	1000	0.3	0	15
13	1000	0.3	656	1376
1	1000	0.5	31593	32624
2	1000	0.5	0	3
3	1000	0.5	1602	215
4	1000	0.5	0	0
5	1000	0.5	0	0
6	1000	0.5	0	3
7	1000	0.5	0	0
8	1000	0.5	0	0
9	1000	0.5	3839	4528
10	1000	0.5	0	0
11	1000	0.5	0	14
12	1000	0.5	0	139
13	1000	0.5	2446	3506
1	1000	0.5	45079	46115
2	1000	0.5	0	3
3	1000	0.5	1697	306
4	1000	0.5	0	0
5	1000	0.5	0	0
6	1000	0.5	0	6
7	1000	0.5	0	0
8	1000	0.5	0	0
9	1000	0.5	3848	4686
10	1000	0.5	0	0
11	1000	0.5	0	15
12	1000	0.5	0	199
13	1000	0.5	2507	3586
1	1000	0.5	26658	27697
2	1000	0.5	0	3
3	1000	0.5	1598	178
4	1000	0.5	0	0
5	1000	0.5	0	0
6	1000	0.5	0	2
7	1000	0.5	0	0
8	1000	0.5	0	0
9	1000	0.5	3683	4553
10	1000	0.5	0	0
11	1000	0.5	0	14
12	1000	0.5	0	118
13	1000	0.5	2378	3442
1	1000	0.5	46344	47379
2	1000	0.5	0	3
3	1000	0.5	1623	304
4	1000	0.5	0	0
5	1000	0.5	0	0
6	1000	0.5	0	6
7	1000	0.5	0	0
8	1000	0.5	0	0
9	1000	0.5	3570	4682
10	1000	0.5	0	0
11	1000	0.5	0	15
12	1000	0.5	0	205
13	1000	0.5	2387	3466
1	1000	0.5	43463	44524
2	1000	0.5	0	3
3	1000	0.5	1853	310
4	1000	0.5	0	0
5	1000	0.5	0	0
6	1000	0.5	0	6
7	1000	0.5	0	0
8	1000	0.5	0	0
9	1000	0.5	4068	4888
10	1000	0.5	0	0
11	1000	0.5	0	17
12	1000	0.5	0	197
13	1000	0.5	2750	3852
1	1000	0.5	38216	39215
2	1000	0.5	0	2
3	1000	0.5	1493	247
4	1000	0.5	0	0
5	1000	0.5	0	0
6	1000	0.5	0	4
7	1000	0.5	0	0
8	1000	0.5	0	0
9	1000	0.5	3479	4313
10	1000	0.5	0	0
11	1000	0.5	0	13
12	1000	0.5	0	163
13	1000	0.5	2230	3265
1	1000	0.7	196044	197394
2	1000	0.7	0	9
3	1000	0.7	4137	1801
4	1000	0.7	0	0
5	1000	0.7	0	2
6	1000	0.7	0	115
7	1000	0.7	0	5
8	1000	0.7	0	1
9	1000	0.7	6095	9575
10	1000	0.7	0	4
11	1000	0.7	0	43
12	1000	0.7	0	1223
13	1000	0.7	5507	7047
1	1000	0.7	302900	304369
2	1000	0.7	0	14
3	1000	0.7	5614	3091
4	1000	0.7	0	0
5	1000	0.7	0	5
6	1000	0.7	0	265
7	1000	0.7	0	10
8	1000	0.7	0	2
9	1000	0.7	7684	12575
10	1000	0.7	0	7
11	1000	0.7	0	63
12	1000	0.7	0	2161
13	1000	0.7	7227	8991
1	1000	0.7	209705	211201
2	1000	0.7	0	13
3	1000	0.7	4775	2140
4	1000	0.7	0	0
5	1000	0.7	0	3
6	1000	0.7	0	132
7	1000	0.7	0	7
8	1000	0.7	0	1
9	1000	0.7	6874	11657
10	1000	0.7	0	5
11	1000	0.7	0	59
12	1000	0.7	0	1444
13	1000	0.7	6937	8636
1	1000	0.7	244686	246135
2	1000	0.7	0	13
3	1000	0.7	4973	2433
4	1000	0.7	0	0
5	1000	0.7	0	4
6	1000	0.7	0	176
7	1000	0.7	0	8
8	1000	0.7	0	1
9	1000	0.7	6986	11500
10	1000	0.7	0	6
11	1000	0.7	0	56
12	1000	0.7	0	1671
13	1000	0.7	6680	8368
1	1000	0.7	204342	205720
2	1000	0.7	0	10
3	1000	0.7	4215	1909
4	1000	0.7	0	0
5	1000	0.7	0	3
6	1000	0.7	0	124
7	1000	0.7	0	6
8	1000	0.7	0	1
9	1000	0.7	6177	10032
10	1000	0.7	0	4
11	1000	0.7	0	46
12	1000	0.7	0	1305
13	1000	0.7	5762	7339
1	1000	0.7	263907	265360
2	1000	0.7	0	13
3	1000	0.7	5185	2612
4	1000	0.7	0	0
5	1000	0.7	0	4
6	1000	0.7	0	202
7	1000	0.7	0	8
8	1000	0.7	0	1
9	1000	0.7	7190	11808
10	1000	0.7	0	6
11	1000	0.7	0	58
12	1000	0.7	0	1826
13	1000	0.7	6734	8444
1	1000	0.9	770948	772791
2	1000	0.9	0	47
3	1000	0.9	12846	10033
4	1000	0.9	0	1
5	1000	0.9	0	26
6	1000	0.9	0	1483
7	1000	0.9	0	52
8	1000	0.9	0	19
9	1000	0.9	13812	27388
10	1000	0.9	0	32
11	1000	0.9	0	177
12	1000	0.9	0	8100
13	1000	0.9	14361	16962
1	1000	0.9	637299	639295
2	1000	0.9	0	48
3	1000	0.9	12676	8288
4	1000	0.9	0	0
5	1000	0.9	0	21
6	1000	0.9	0	1006
7	1000	0.9	0	43
8	1000	0.9	0	13
9	1000	0.9	13664	27787
10	1000	0.9	0	26
11	1000	0.9	0	180
12	1000	0.9	0	6750
13	1000	0.9	14440	17059
1	1000	0.9	783169	785291
2	1000	0.9	0	65
3	1000	0.9	16564	11355
4	1000	0.9	0	1
5	1000	0.9	0	33
6	1000	0.9	0	1535
7	1000	0.9	0	66
8	1000	0.9	0	22
9	1000	0.9	17618	33826
10	1000	0.9	0	41
11	1000	0.9	0	244
12	1000	0.9	0	9148
13	1000	0.9	18106	20994
1	1000	0.9	664800	666824
2	1000	0.9	0	52
3	1000	0.9	14480	9072
4	1000	0.9	0	0
5	1000	0.9	0	24
6	1000	0.9	0	1125
7	1000	0.9	0	48
8	1000	0.9	0	15
9	1000	0.9	15369	28969
10	1000	0.9	0	30
11	1000	0.9	0	197
12	1000	0.9	0	7188
13	1000	0.9	15606	18280
1	1000	0.9	636184	638345
2	1000	0.9	0	58
3	1000	0.9	14059	8836
4	1000	0.9	0	0
5	1000	0.9	0	24
6	1000	0.9	0	1008
7	1000	0.9	0	49
8	1000	0.9	0	13
9	1000	0.9	15193	31350
10	1000	0.9	0	30
11	1000	0.9	0	216
12	1000	0.9	0	7159
13	1000	0.9	16566	19347
1	1000	0.9	684406	686386
2	1000	0.9	0	50
3	1000	0.9	13683	9010
4	1000	0.9	0	0
5	1000	0.9	0	24
6	1000	0.9	0	1161
7	1000	0.9	0	48
8	1000	0.9	0	15
9	1000	0.9	14612	28444
10	1000	0.9	0	29
11	1000	0.9	0	186
12	1000	0.9	0	7332
13	1000	0.9	14826	17476
1	5000	0.1	7673	10467
2	5000	0.1	0	0
3	5000	0.1	598	5
4	5000	0.1	0	0
5	5000	0.1	0	0
6	5000	0.1	0	0
7	5000	0.1	0	0
8	5000	0.1	0	0
9	5000	0.1	6251	6257
10	5000	0.1	0	0
11	5000	0.1	0	1
12	5000	0.1	0	4
13	5000	0.1	661	3457
1	5000	0.1	7616	10395
2	5000	0.1	0	0
3	5000	0.1	573	5
4	5000	0.1	0	0
5	5000	0.1	0	0
6	5000	0.1	0	0
7	5000	0.1	0	0
8	5000	0.1	0	0
9	5000	0.1	6183	6190
10	5000	0.1	0	0
11	5000	0.1	0	1
12	5000	0.1	0	4
13	5000	0.1	634	3415
1	5000	0.1	7535	10302
2	5000	0.1	0	0
3	5000	0.1	545	5
4	5000	0.1	0	0
5	5000	0.1	0	0
6	5000	0.1	0	0
7	5000	0.1	0	0
8	5000	0.1	0	0
9	5000	0.1	6035	6134
10	5000	0.1	0	0
11	5000	0.1	0	1
12	5000	0.1	0	4
13	5000	0.1	593	3361
1	5000	0.1	7058	9829
2	5000	0.1	0	0
3	5000	0.1	553	4
4	5000	0.1	0	0
5	5000	0.1	0	0
6	5000	0.1	0	0
7	5000	0.1	0	0
8	5000	0.1	0	0
9	5000	0.1	6173	6150
10	5000	0.1	0	0
11	5000	0.1	0	1
12	5000	0.1	0	4
13	5000	0.1	600	3372
1	5000	0.1	7656	10433
2	5000	0.1	0	0
3	5000	0.1	565	5
4	5000	0.1	0	0
5	5000	0.1	0	0
6	5000	0.1	0	0
7	5000	0.1	0	0
8	5000	0.1	0	0
9	5000	0.1	6150	6181
10	5000	0.1	0	0
11	5000	0.1	0	1
12	5000	0.1	0	4
13	5000	0.1	629	3408
1	5000	0.1	7972	10760
2	5000	0.1	0	0
3	5000	0.1	588	5
4	5000	0.1	0	0
5	5000	0.1	0	0
6	5000	0.1	0	0
7	5000	0.1	0	0
8	5000	0.1	0	0
9	5000	0.1	6238	6228
10	5000	0.1	0	0
11	5000	0.1	0	1
12	5000	0.1	0	4
13	5000	0.1	645	3434
1	5000	0.3	26515	30118
2	5000	0.3	0	1
3	5000	0.3	2491	23
4	5000	0.3	0	0
5	5000	0.3	0	0
6	5000	0.3	0	0
7	5000	0.3	0	0
8	5000	0.3	0	0
9	5000	0.3	10434	10420
10	5000	0.3	0	0
11	5000	0.3	0	4
12	5000	0.3	0	17
13	5000	0.3	3460	7068
1	5000	0.3	26274	29961
2	5000	0.3	0	1
3	5000	0.3	2711	24
4	5000	0.3	0	0
5	5000	0.3	0	0
6	5000	0.3	0	0
7	5000	0.3	0	0
8	5000	0.3	0	0
9	5000	0.3	10525	10911
10	5000	0.3	0	0
11	5000	0.3	0	4
12	5000	0.3	0	17
13	5000	0.3	3750	7442
1	5000	0.3	27786	31412
2	5000	0.3	0	1
3	5000	0.3	2548	24
4	5000	0.3	0	0
5	5000	0.3	0	0
6	5000	0.3	0	0
7	5000	0.3	0	0
8	5000	0.3	0	0
9	5000	0.3	10199	10553
10	5000	0.3	0	0
11	5000	0.3	0	4
12	5000	0.3	0	18
13	5000	0.3	3459	7090
1	5000	0.3	30621	34306
2	5000	0.3	0	1
3	5000	0.3	2678	27
4	5000	0.3	0	0
5	5000	0.3	0	0
6	5000	0.3	0	0
7	5000	0.3	0	0
8	5000	0.3	0	0
9	5000	0.3	10491	10905
10	5000	0.3	0	0
11	5000	0.3	0	4
12	5000	0.3	0	20
13	5000	0.3	3666	7357
1	5000	0.3	31883	35535
2	5000	0.3	0	1
3	5000	0.3	2600	28
4	5000	0.3	0	0
5	5000	0.3	0	0
6	5000	0.3	0	0
7	5000	0.3	0	0
8	5000	0.3	0	0
9	5000	0.3	10314	10714
10	5000	0.3	0	0
11	5000	0.3	0	4
12	5000	0.3	0	20
13	5000	0.3	3629	7287
1	5000	0.3	33020	36697
2	5000	0.3	0	1
3	5000	0.3	2696	29
4	5000	0.3	0	0
5	5000	0.3	0	0
6	5000	0.3	0	0
7	5000	0.3	0	0
8	5000	0.3	0	0
9	5000	0.3	10696	10861
10	5000	0.3	0	0
11	5000	0.3	0	4
12	5000	0.3	0	21
13	5000	0.3	3709	7392
1	5000	0.5	535425	541153
2	5000	0.5	0	4
3	5000	0.5	9873	846
4	5000	0.5	0	0
5	5000	0.5	0	0
6	5000	0.5	0	7
7	5000	0.5	0	0
8	5000	0.5	0	0
9	5000	0.5	23311	27246
10	5000	0.5	0	0
11	5000	0.5	0	21
12	5000	0.5	0	505
13	5000	0.5	16980	22811
1	5000	0.5	478622	484181
2	5000	0.5	0	3
3	5000	0.5	9353	705
4	5000	0.5	0	0
5	5000	0.5	0	0
6	5000	0.5	0	6
7	5000	0.5	0	0
8	5000	0.5	0	0
9	5000	0.5	21643	25591
10	5000	0.5	0	0
11	5000	0.5	0	18
12	5000	0.5	0	438
13	5000	0.5	14937	20589
1	5000	0.5	592246	597706
2	5000	0.5	0	3
3	5000	0.5	9465	866
4	5000	0.5	0	0
5	5000	0.5	0	0
6	5000	0.5	0	9
7	5000	0.5	0	0
8	5000	0.5	0	0
9	5000	0.5	21600	24908
10	5000	0.5	0	0
11	5000	0.5	0	18
12	5000	0.5	0	533
13	5000	0.5	14630	20206
1	5000	0.5	457008	462414
2	5000	0.5	0	3
3	5000	0.5	8806	648
4	5000	0.5	0	0
5	5000	0.5	0	0
6	5000	0.5	0	5
7	5000	0.5	0	0
8	5000	0.5	0	0
9	5000	0.5	20873	24186
10	5000	0.5	0	0
11	5000	0.5	0	16
12	5000	0.5	0	406
13	5000	0.5	13791	19286
1	5000	0.5	394342	399743
2	5000	0.5	0	3
3	5000	0.5	8705	567
4	5000	0.5	0	0
5	5000	0.5	0	0
6	5000	0.5	0	4
7	5000	0.5	0	0
8	5000	0.5	0	0
9	5000	0.5	20958	24032
10	5000	0.5	0	0
11	5000	0.5	0	17
12	5000	0.5	0	350
13	5000	0.5	13974	19451
1	5000	0.5	372404	377930
2	5000	0.5	0	3
3	5000	0.5	8795	546
4	5000	0.5	0	0
5	5000	0.5	0	0
6	5000	0.5	0	3
7	5000	0.5	0	0
8	5000	0.5	0	0
9	5000	0.5	20455	25100
10	5000	0.5	0	0
11	5000	0.5	0	18
12	5000	0.5	0	338
13	5000	0.5	14648	20245
1	5000	0.7	5545883	5554543
2	5000	0.7	0	19
3	5000	0.7	32146	13537
4	5000	0.7	0	0
5	5000	0.7	0	5
6	5000	0.7	0	769
7	5000	0.7	0	10
8	5000	0.7	0	1
9	5000	0.7	46977	76370
10	5000	0.7	0	8
11	5000	0.7	0	93
12	5000	0.7	0	8685
13	5000	0.7	49755	59514
1	5000	0.7	6086175	6094988
2	5000	0.7	0	21
3	5000	0.7	35266	15416
4	5000	0.7	0	0
5	5000	0.7	0	6
6	5000	0.7	0	936
7	5000	0.7	0	12
8	5000	0.7	0	2
9	5000	0.7	50954	80504
10	5000	0.7	0	9
11	5000	0.7	0	101
12	5000	0.7	0	9785
13	5000	0.7	53396	63415
1	5000	0.7	5006014	5014838
2	5000	0.7	0	20
3	5000	0.7	32586	12047
4	5000	0.7	0	0
5	5000	0.7	0	4
6	5000	0.7	0	615
7	5000	0.7	0	9
8	5000	0.7	0	1
9	5000	0.7	47399	77248
10	5000	0.7	0	7
11	5000	0.7	0	92
12	5000	0.7	0	7886
13	5000	0.7	49183	58998
1	5000	0.7	6212009	6220886
2	5000	0.7	0	22
3	5000	0.7	34553	15643
4	5000	0.7	0	0
5	5000	0.7	0	6
6	5000	0.7	0	961
7	5000	0.7	0	12
8	5000	0.7	0	2
9	5000	0.7	50285	81947
10	5000	0.7	0	9
11	5000	0.7	0	103
12	5000	0.7	0	10076
13	5000	0.7	53499	63608
1	5000	0.7	5907767	5916715
2	5000	0.7	0	22
3	5000	0.7	37543	15207
4	5000	0.7	0	0
5	5000	0.7	0	6
6	5000	0.7	0	888
7	5000	0.7	0	12
8	5000	0.7	0	2
9	5000	0.7	53551	82109
10	5000	0.7	0	9
11	5000	0.7	0	105
12	5000	0.7	0	9593
13	5000	0.7	54960	65078
1	5000	0.7	6133025	6141877
2	5000	0.7	0	21
3	5000	0.7	34732	15411
4	5000	0.7	0	0
5	5000	0.7	0	6
6	5000	0.7	0	939
7	5000	0.7	0	12
8	5000	0.7	0	2
9	5000	0.7	50066	81293
10	5000	0.7	0	9
11	5000	0.7	0	101
12	5000	0.7	0	9909
13	5000	0.7	53147	63215
1	5000	0.9	17416639	17429322
2	5000	0.9	0	90
3	5000	0.9	97223	55732
4	5000	0.9	0	0
5	5000	0.9	0	36
6	5000	0.9	0	6009
7	5000	0.9	0	72
8	5000	0.9	0	19
9	5000	0.9	104384	209159
10	5000	0.9	0	44
11	5000	0.9	0	334
12	5000	0.9	0	45104
13	5000	0.9	113075	129220
1	5000	0.9	21419970	21433354
2	5000	0.9	0	117
3	5000	0.9	121013	75331
4	5000	0.9	0	1
5	5000	0.9	0	53
6	5000	0.9	0	9139
7	5000	0.9	0	106
8	5000	0.9	0	32
9	5000	0.9	128545	249803
10	5000	0.9	0	66
11	5000	0.9	0	438
12	5000	0.9	0	60617
13	5000	0.9	137580	155221
1	5000	0.9	17753725	17765848
2	5000	0.9	0	82
3	5000	0.9	91054	55458
4	5000	0.9	0	0
5	5000	0.9	0	34
6	5000	0.9	0	6286
7	5000	0.9	0	69
8	5000	0.9	0	19
9	5000	0.9	97811	196612
10	5000	0.9	0	43
11	5000	0.9	0	306
12	5000	0.9	0	44575
13	5000	0.9	106653	122307
1	5000	0.9	13251392	13263887
2	5000	0.9	0	74
3	5000	0.9	84788	39305
4	5000	0.9	0	0
5	5000	0.9	0	23
6	5000	0.9	0	3442
7	5000	0.9	0	47
8	5000	0.9	0	10
9	5000	0.9	91114	183569
10	5000	0.9	0	29
11	5000	0.9	0	271
12	5000	0.9	0	32157
13	5000	0.9	97060	112187
1	5000	0.9	19496197	19508943
2	5000	0.9	0	98
3	5000	0.9	107569	65298
4	5000	0.9	0	1
5	5000	0.9	0	43
6	5000	0.9	0	7654
7	5000	0.9	0	86
8	5000	0.9	0	25
9	5000	0.9	114696	221720
10	5000	0.9	0	54
11	5000	0.9	0	371
12	5000	0.9	0	51980
13	5000	0.9	122642	139263
1	5000	0.9	13352332	13365129
2	5000	0.9	0	79
3	5000	0.9	91148	40652
4	5000	0.9	0	0
5	5000	0.9	0	25
6	5000	0.9	0	3513
7	5000	0.9	0	50
8	5000	0.9	0	10
9	5000	0.9	97187	191467
10	5000	0.9	0	30
11	5000	0.9	0	291
12	5000	0.9	0	33092
13	5000	0.9	102158	117606
1	10000	0.1	15559	21109
2	10000	0.1	0	0
3	10000	0.1	1118	5
4	10000	0.1	0	0
5	10000	0.1	0	0
6	10000	0.1	0	0
7	10000	0.1	0	0
8	10000	0.1	0	0
9	10000	0.1	12285	12333
10	10000	0.1	0	0
11	10000	0.1	0	1
12	10000	0.1	0	4
13	10000	0.1	1224	6776
1	10000	0.1	15500	21038
2	10000	0.1	0	0
3	10000	0.1	1099	5
4	10000	0.1	0	0
5	10000	0.1	0	0
6	10000	0.1	0	0
7	10000	0.1	0	0
8	10000	0.1	0	0
9	10000	0.1	12297	12279
10	10000	0.1	0	0
11	10000	0.1	0	1
12	10000	0.1	0	4
13	10000	0.1	1219	6759
1	10000	0.1	15377	20932
2	10000	0.1	0	0
3	10000	0.1	1136	5
4	10000	0.1	0	0
5	10000	0.1	0	0
6	10000	0.1	0	0
7	10000	0.1	0	0
8	10000	0.1	0	0
9	10000	0.1	12405	12353
10	10000	0.1	0	0
11	10000	0.1	0	1
12	10000	0.1	0	4
13	10000	0.1	1246	6802
1	10000	0.1	15360	20925
2	10000	0.1	0	0
3	10000	0.1	1159	5
4	10000	0.1	0	0
5	10000	0.1	0	0
6	10000	0.1	0	0
7	10000	0.1	0	0
8	10000	0.1	0	0
9	10000	0.1	12370	12399
10	10000	0.1	0	0
11	10000	0.1	0	1
12	10000	0.1	0	4
13	10000	0.1	1287	6854
1	10000	0.1	15827	21380
2	10000	0.1	0	0
3	10000	0.1	1129	5
4	10000	0.1	0	0
5	10000	0.1	0	0
6	10000	0.1	0	0
7	10000	0.1	0	0
8	10000	0.1	0	0
9	10000	0.1	12426	12346
10	10000	0.1	0	0
11	10000	0.1	0	1
12	10000	0.1	0	4
13	10000	0.1	1251	6806
1	10000	0.1	14967	20529
2	10000	0.1	0	0
3	10000	0.1	1150	5
4	10000	0.1	0	0
5	10000	0.1	0	0
6	10000	0.1	0	0
7	10000	0.1	0	0
8	10000	0.1	0	0
9	10000	0.1	12386	12384
10	10000	0.1	0	0
11	10000	0.1	0	1
12	10000	0.1	0	4
13	10000	0.1	1286	6849
1	10000	0.3	55920	63222
2	10000	0.3	0	1
3	10000	0.3	5243	25
4	10000	0.3	0	0
5	10000	0.3	0	0
6	10000	0.3	0	0
7	10000	0.3	0	0
8	10000	0.3	0	0
9	10000	0.3	21205	21363
10	10000	0.3	0	0
11	10000	0.3	0	4
12	10000	0.3	0	18
13	10000	0.3	7232	14539
1	10000	0.3	60615	67916
2	10000	0.3	0	1
3	10000	0.3	5202	26
4	10000	0.3	0	0
5	10000	0.3	0	0
6	10000	0.3	0	0
7	10000	0.3	0	0
8	10000	0.3	0	0
9	10000	0.3	20780	21360
10	10000	0.3	0	0
11	10000	0.3	0	4
12	10000	0.3	0	19
13	10000	0.3	7151	14457
1	10000	0.3	72799	80139
2	10000	0.3	0	1
3	10000	0.3	5396	32
4	10000	0.3	0	0
5	10000	0.3	0	0
6	10000	0.3	0	0
7	10000	0.3	0	0
8	10000	0.3	0	0
9	10000	0.3	21187	21598
10	10000	0.3	0	0
11	10000	0.3	0	4
12	10000	0.3	0	23
13	10000	0.3	7413	14760
1	10000	0.3	64820	72153
2	10000	0.3	0	1
3	10000	0.3	5272	28
4	10000	0.3	0	0
5	10000	0.3	0	0
6	10000	0.3	0	0
7	10000	0.3	0	0
8	10000	0.3	0	0
9	10000	0.3	20674	21553
10	10000	0.3	0	0
11	10000	0.3	0	4
12	10000	0.3	0	21
13	10000	0.3	7230	14569
1	10000	0.3	60774	68166
2	10000	0.3	0	1
3	10000	0.3	5469	27
4	10000	0.3	0	0
5	10000	0.3	0	0
6	10000	0.3	0	0
7	10000	0.3	0	0
8	10000	0.3	0	0
9	10000	0.3	21514	21895
10	10000	0.3	0	0
11	10000	0.3	0	4
12	10000	0.3	0	20
13	10000	0.3	7581	14978
1	10000	0.3	71591	78918
2	10000	0.3	0	1
3	10000	0.3	5343	31
4	10000	0.3	0	0
5	10000	0.3	0	0
6	10000	0.3	0	0
7	10000	0.3	0	0
8	10000	0.3	0	0
9	10000	0.3	20958	21521
10	10000	0.3	0	0
11	10000	0.3	0	4
12	10000	0.3	0	23
13	10000	0.3	7375	14709
1	10000	0.5	1283624	1295105
2	10000	0.5	0	4
3	10000	0.5	19438	1016
4	10000	0.5	0	0
5	10000	0.5	0	0
6	10000	0.5	0	5
7	10000	0.5	0	0
8	10000	0.5	0	0
9	10000	0.5	45804	53920
10	10000	0.5	0	0
11	10000	0.5	0	21
12	10000	0.5	0	601
13	10000	0.5	33943	45549
1	10000	0.5	1324785	1335852
2	10000	0.5	0	3
3	10000	0.5	18416	973
4	10000	0.5	0	0
5	10000	0.5	0	0
6	10000	0.5	0	5
7	10000	0.5	0	0
8	10000	0.5	0	0
9	10000	0.5	42567	50179
10	10000	0.5	0	0
11	10000	0.5	0	18
12	10000	0.5	0	598
13	10000	0.5	29625	40821
1	10000	0.5	1589676	1600806
2	10000	0.5	0	3
3	10000	0.5	18899	1169
4	10000	0.5	0	0
5	10000	0.5	0	0
6	10000	0.5	0	8
7	10000	0.5	0	0
8	10000	0.5	0	0
9	10000	0.5	43479	50985
10	10000	0.5	0	0
11	10000	0.5	0	18
12	10000	0.5	0	723
13	10000	0.5	29965	41251
1	10000	0.5	1551264	1562635
2	10000	0.5	0	4
3	10000	0.5	19086	1197
4	10000	0.5	0	0
5	10000	0.5	0	0
6	10000	0.5	0	8
7	10000	0.5	0	0
8	10000	0.5	0	0
9	10000	0.5	45131	53152
10	10000	0.5	0	0
11	10000	0.5	0	20
12	10000	0.5	0	720
13	10000	0.5	32657	44180
1	10000	0.5	1469109	1480323
2	10000	0.5	0	3
3	10000	0.5	18690	1088
4	10000	0.5	0	0
5	10000	0.5	0	0
6	10000	0.5	0	7
7	10000	0.5	0	0
8	10000	0.5	0	0
9	10000	0.5	43254	51641
10	10000	0.5	0	0
11	10000	0.5	0	18
12	10000	0.5	0	672
13	10000	0.5	30428	41786
1	10000	0.5	1522493	1533680
2	10000	0.5	0	3
3	10000	0.5	19146	1137
4	10000	0.5	0	0
5	10000	0.5	0	0
6	10000	0.5	0	7
7	10000	0.5	0	0
8	10000	0.5	0	0
9	10000	0.5	44383	51437
10	10000	0.5	0	0
11	10000	0.5	0	19
12	10000	0.5	0	695
13	10000	0.5	30727	42063
1	10000	0.7	20100365	20118614
2	10000	0.7	0	22
3	10000	0.7	68174	24994
4	10000	0.7	0	0
5	10000	0.7	0	5
6	10000	0.7	0	1241
7	10000	0.7	0	10
8	10000	0.7	0	1
9	10000	0.7	98005	164194
10	10000	0.7	0	7
11	10000	0.7	0	101
12	10000	0.7	0	16306
13	10000	0.7	105587	125835
1	10000	0.7	20369703	20388204
2	10000	0.7	0	23
3	10000	0.7	76288	26243
4	10000	0.7	0	0
5	10000	0.7	0	5
6	10000	0.7	0	1302
7	10000	0.7	0	10
8	10000	0.7	0	1
9	10000	0.7	108379	168756
10	10000	0.7	0	8
11	10000	0.7	0	108
12	10000	0.7	0	16753
13	10000	0.7	111649	132176
1	10000	0.7	25677821	25697214
2	10000	0.7	0	28
3	10000	0.7	81029	36950
4	10000	0.7	0	0
5	10000	0.7	0	8
6	10000	0.7	0	2162
7	10000	0.7	0	16
8	10000	0.7	0	3
9	10000	0.7	117768	192938
10	10000	0.7	0	13
11	10000	0.7	0	138
12	10000	0.7	0	22578
13	10000	0.7	135930	157877
1	10000	0.7	19416345	19435020
2	10000	0.7	0	23
3	10000	0.7	73853	24947
4	10000	0.7	0	0
5	10000	0.7	0	5
6	10000	0.7	0	1175
7	10000	0.7	0	10
8	10000	0.7	0	1
9	10000	0.7	105463	170048
10	10000	0.7	0	8
11	10000	0.7	0	109
12	10000	0.7	0	16031
13	10000	0.7	111708	132314
1	10000	0.7	29271525	29290065
2	10000	0.7	0	26
3	10000	0.7	79529	40167
4	10000	0.7	0	0
5	10000	0.7	0	8
6	10000	0.7	0	2740
7	10000	0.7	0	17
8	10000	0.7	0	3
9	10000	0.7	115572	184365
10	10000	0.7	0	13
11	10000	0.7	0	126
12	10000	0.7	0	25156
13	10000	0.7	125732	147187
1	10000	0.7	19855609	19874660
2	10000	0.7	0	24
3	10000	0.7	72786	26803
4	10000	0.7	0	0
5	10000	0.7	0	5
6	10000	0.7	0	1266
7	10000	0.7	0	11
8	10000	0.7	0	1
9	10000	0.7	107461	177038
10	10000	0.7	0	9
11	10000	0.7	0	119
12	10000	0.7	0	16727
13	10000	0.7	120814	141838
1	10000	0.9	71026419	71054424
2	10000	0.9	0	115
3	10000	0.9	234896	123885
4	10000	0.9	0	0
5	10000	0.9	0	43
6	10000	0.9	0	12537
7	10000	0.9	0	87
8	10000	0.9	0	21
9	10000	0.9	251049	493091
10	10000	0.9	0	53
11	10000	0.9	0	429
12	10000	0.9	0	99804
13	10000	0.9	270952	306033
1	10000	0.9	81903251	81931729
2	10000	0.9	0	131
3	10000	0.9	267544	150807
4	10000	0.9	0	1
5	10000	0.9	0	55
6	10000	0.9	0	16849
7	10000	0.9	0	110
8	10000	0.9	0	31
9	10000	0.9	283954	537924
10	10000	0.9	0	69
11	10000	0.9	0	495
12	10000	0.9	0	120200
13	10000	0.9	300808	337447
1	10000	0.9	68568277	68595360
2	10000	0.9	0	104
3	10000	0.9	215704	114549
4	10000	0.9	0	0
5	10000	0.9	0	38
6	10000	0.9	0	11576
7	10000	0.9	0	77
8	10000	0.9	0	19
9	10000	0.9	229935	460831
10	10000	0.9	0	47
11	10000	0.9	0	384
12	10000	0.9	0	93145
13	10000	0.9	249449	283364
1	10000	0.9	66124999	66152993
2	10000	0.9	0	110
3	10000	0.9	221247	111919
4	10000	0.9	0	0
5	10000	0.9	0	38
6	10000	0.9	0	10697
7	10000	0.9	0	77
8	10000	0.9	0	18
9	10000	0.9	236057	479120
10	10000	0.9	0	47
11	10000	0.9	0	405
12	10000	0.9	0	91594
13	10000	0.9	258138	292719
1	10000	0.9	73883860	73911375
2	10000	0.9	0	113
3	10000	0.9	232140	127859
4	10000	0.9	0	1
5	10000	0.9	0	44
6	10000	0.9	0	13538
7	10000	0.9	0	89
8	10000	0.9	0	23
9	10000	0.9	247116	487378
10	10000	0.9	0	55
11	10000	0.9	0	421
12	10000	0.9	0	103214
13	10000	0.9	266999	301876
1	10000	0.9	66160274	66187206
2	10000	0.9	0	100
3	10000	0.9	213667	109449
4	10000	0.9	0	0
5	10000	0.9	0	36
6	10000	0.9	0	10797
7	10000	0.9	0	73
8	10000	0.9	0	17
9	10000	0.9	227974	450263
10	10000	0.9	0	45
11	10000	0.9	0	372
12	10000	0.9	0	88838
13	10000	0.9	243837	277361
1	20000	0.1	31673	42839
2	20000	0.1	0	0
3	20000	0.1	2371	5
4	20000	0.1	0	0
5	20000	0.1	0	0
6	20000	0.1	0	0
7	20000	0.1	0	0
8	20000	0.1	0	0
9	20000	0.1	24878	24945
10	20000	0.1	0	0
11	20000	0.1	0	1
12	20000	0.1	0	4
13	20000	0.1	2647	13814
1	20000	0.1	30909	42050
2	20000	0.1	0	0
3	20000	0.1	2333	5
4	20000	0.1	0	0
5	20000	0.1	0	0
6	20000	0.1	0	0
7	20000	0.1	0	0
8	20000	0.1	0	0
9	20000	0.1	24681	24834
10	20000	0.1	0	0
11	20000	0.1	0	1
12	20000	0.1	0	4
13	20000	0.1	2548	13690
1	20000	0.1	31111	42277
2	20000	0.1	0	0
3	20000	0.1	2376	5
4	20000	0.1	0	0
5	20000	0.1	0	0
6	20000	0.1	0	0
7	20000	0.1	0	0
8	20000	0.1	0	0
9	20000	0.1	24891	24948
10	20000	0.1	0	0
11	20000	0.1	0	1
12	20000	0.1	0	4
13	20000	0.1	2626	13794
1	20000	0.1	30981	42110
2	20000	0.1	0	0
3	20000	0.1	2299	5
4	20000	0.1	0	0
5	20000	0.1	0	0
6	20000	0.1	0	0
7	20000	0.1	0	0
8	20000	0.1	0	0
9	20000	0.1	24658	24780
10	20000	0.1	0	0
11	20000	0.1	0	1
12	20000	0.1	0	4
13	20000	0.1	2558	13688
1	20000	0.1	31127	42229
2	20000	0.1	0	0
3	20000	0.1	2254	5
4	20000	0.1	0	0
5	20000	0.1	0	0
6	20000	0.1	0	0
7	20000	0.1	0	0
8	20000	0.1	0	0
9	20000	0.1	24781	24662
10	20000	0.1	0	0
11	20000	0.1	0	1
12	20000	0.1	0	4
13	20000	0.1	2506	13610
1	20000	0.1	29868	40958
2	20000	0.1	0	0
3	20000	0.1	2215	4
4	20000	0.1	0	0
5	20000	0.1	0	0
6	20000	0.1	0	0
7	20000	0.1	0	0
8	20000	0.1	0	0
9	20000	0.1	24726	24607
10	20000	0.1	0	0
11	20000	0.1	0	1
12	20000	0.1	0	4
13	20000	0.1	2439	13530
1	20000	0.3	181386	196105
2	20000	0.3	0	1
3	20000	0.3	10787	39
4	20000	0.3	0	0
5	20000	0.3	0	0
6	20000	0.3	0	0
7	20000	0.3	0	0
8	20000	0.3	0	0
9	20000	0.3	42884	43389
10	20000	0.3	0	0
11	20000	0.3	0	4
12	20000	0.3	0	28
13	20000	0.3	14818	29546
1	20000	0.3	140770	155541
2	20000	0.3	0	1
3	20000	0.3	10892	31
4	20000	0.3	0	0
5	20000	0.3	0	0
6	20000	0.3	0	0
7	20000	0.3	0	0
8	20000	0.3	0	0
9	20000	0.3	42676	43684
10	20000	0.3	0	0
11	20000	0.3	0	4
12	20000	0.3	0	22
13	20000	0.3	14998	29776
1	20000	0.3	153605	168300
2	20000	0.3	0	1
3	20000	0.3	10829	33
4	20000	0.3	0	0
5	20000	0.3	0	0
6	20000	0.3	0	0
7	20000	0.3	0	0
8	20000	0.3	0	0
9	20000	0.3	42892	43236
10	20000	0.3	0	0
11	20000	0.3	0	4
12	20000	0.3	0	24
13	20000	0.3	14835	29537
1	20000	0.3	149957	164677
2	20000	0.3	0	1
3	20000	0.3	10745	33
4	20000	0.3	0	0
5	20000	0.3	0	0
6	20000	0.3	0	0
7	20000	0.3	0	0
8	20000	0.3	0	0
9	20000	0.3	42903	43383
10	20000	0.3	0	0
11	20000	0.3	0	4
12	20000	0.3	0	24
13	20000	0.3	14912	29639
1	20000	0.3	155959	170697
2	20000	0.3	0	1
3	20000	0.3	10818	34
4	20000	0.3	0	0
5	20000	0.3	0	0
6	20000	0.3	0	0
7	20000	0.3	0	0
8	20000	0.3	0	0
9	20000	0.3	43391	43495
10	20000	0.3	0	0
11	20000	0.3	0	4
12	20000	0.3	0	25
13	20000	0.3	15057	29803
1	20000	0.3	142653	157367
2	20000	0.3	0	1
3	20000	0.3	10771	31
4	20000	0.3	0	0
5	20000	0.3	0	0
6	20000	0.3	0	0
7	20000	0.3	0	0
8	20000	0.3	0	0
9	20000	0.3	42933	43348
10	20000	0.3	0	0
11	20000	0.3	0	4
12	20000	0.3	0	23
13	20000	0.3	14784	29505
1	20000	0.5	3218465	3241346
2	20000	0.5	0	4
3	20000	0.5	37867	1248
4	20000	0.5	0	0
5	20000	0.5	0	0
6	20000	0.5	0	4
7	20000	0.5	0	0
8	20000	0.5	0	0
9	20000	0.5	89689	106199
10	20000	0.5	0	0
11	20000	0.5	0	20
12	20000	0.5	0	746
13	20000	0.5	65726	88765
1	20000	0.5	3894939	3917531
2	20000	0.5	0	3
3	20000	0.5	37882	1475
4	20000	0.5	0	0
5	20000	0.5	0	0
6	20000	0.5	0	6
7	20000	0.5	0	0
8	20000	0.5	0	0
9	20000	0.5	89209	103857
10	20000	0.5	0	0
11	20000	0.5	0	19
12	20000	0.5	0	892
13	20000	0.5	63024	85808
1	20000	0.5	3919606	3942608
2	20000	0.5	0	4
3	20000	0.5	38772	1539
4	20000	0.5	0	0
5	20000	0.5	0	0
6	20000	0.5	0	6
7	20000	0.5	0	0
8	20000	0.5	0	0
9	20000	0.5	92788	107642
10	20000	0.5	0	0
11	20000	0.5	0	21
12	20000	0.5	0	914
13	20000	0.5	67357	90552
1	20000	0.5	4591145	4613563
2	20000	0.5	0	3
3	20000	0.5	37447	1712
4	20000	0.5	0	0
5	20000	0.5	0	0
6	20000	0.5	0	8
7	20000	0.5	0	0
8	20000	0.5	0	0
9	20000	0.5	88246	102590
10	20000	0.5	0	0
11	20000	0.5	0	19
12	20000	0.5	0	1044
13	20000	0.5	61424	84068
1	20000	0.5	4544713	4567215
2	20000	0.5	0	3
3	20000	0.5	37587	1717
4	20000	0.5	0	0
5	20000	0.5	0	0
6	20000	0.5	0	8
7	20000	0.5	0	0
8	20000	0.5	0	0
9	20000	0.5	88754	103329
10	20000	0.5	0	0
11	20000	0.5	0	19
12	20000	0.5	0	1038
13	20000	0.5	62757	85483
1	20000	0.5	3678407	3700896
2	20000	0.5	0	3
3	20000	0.5	36665	1360
4	20000	0.5	0	0
5	20000	0.5	0	0
6	20000	0.5	0	5
7	20000	0.5	0	0
8	20000	0.5	0	0
9	20000	0.5	86215	102825
10	20000	0.5	0	0
11	20000	0.5	0	18
12	20000	0.5	0	839
13	20000	0.5	60664	83334
1	20000	0.7	69903671	69942081
2	20000	0.7	0	24
3	20000	0.7	146438	46250
4	20000	0.7	0	0
5	20000	0.7	0	4
6	20000	0.7	0	1929
7	20000	0.7	0	9
8	20000	0.7	0	1
9	20000	0.7	212637	351238
10	20000	0.7	0	7
11	20000	0.7	0	116
12	20000	0.7	0	29312
13	20000	0.7	235200	277094
1	20000	0.7	90507605	90545300
2	20000	0.7	0	25
3	20000	0.7	160081	61081
4	20000	0.7	0	0
5	20000	0.7	0	6
6	20000	0.7	0	3274
7	20000	0.7	0	12
8	20000	0.7	0	2
9	20000	0.7	230502	356538
10	20000	0.7	0	10
11	20000	0.7	0	120
12	20000	0.7	0	38232
13	20000	0.7	242598	284806
1	20000	0.7	65642014	65678394
2	20000	0.7	0	20
3	20000	0.7	135855	40471
4	20000	0.7	0	0
5	20000	0.7	0	4
6	20000	0.7	0	1675
7	20000	0.7	0	8
8	20000	0.7	0	1
9	20000	0.7	196519	314638
10	20000	0.7	0	6
11	20000	0.7	0	96
12	20000	0.7	0	26052
13	20000	0.7	204738	244390
1	20000	0.7	62293925	62330875
2	20000	0.7	0	21
3	20000	0.7	138389	38874
4	20000	0.7	0	0
5	20000	0.7	0	3
6	20000	0.7	0	1512
7	20000	0.7	0	7
8	20000	0.7	0	0
9	20000	0.7	201525	321064
10	20000	0.7	0	6
11	20000	0.7	0	100
12	20000	0.7	0	24975
13	20000	0.7	209813	249868
1	20000	0.7	72634823	72673596
2	20000	0.7	0	25
3	20000	0.7	162262	49746
4	20000	0.7	0	0
5	20000	0.7	0	5
6	20000	0.7	0	2131
7	20000	0.7	0	10
8	20000	0.7	0	1
9	20000	0.7	233116	359669
10	20000	0.7	0	8
11	20000	0.7	0	123
12	20000	0.7	0	30820
13	20000	0.7	247866	290259
1	20000	0.7	78132834	78171587
2	20000	0.7	0	25
3	20000	0.7	163412	53180
4	20000	0.7	0	0
5	20000	0.7	0	5
6	20000	0.7	0	2436
7	20000	0.7	0	11
8	20000	0.7	0	1
9	20000	0.7	234359	363991
10	20000	0.7	0	9
11	20000	0.7	0	123
12	20000	0.7	0	33351
13	20000	0.7	247553	290200
1	20000	0.9	314094113	314153911
2	20000	0.9	0	143
3	20000	0.9	528788	292531
4	20000	0.9	0	1
5	20000	0.9	0	55
6	20000	0.9	0	30430
7	20000	0.9	0	110
8	20000	0.9	0	28
9	20000	0.9	563382	1140219
10	20000	0.9	0	68
11	20000	0.9	0	530
12	20000	0.9	0	237221
13	20000	0.9	627563	703035
1	20000	0.9	273342439	273405804
2	20000	0.9	0	152
3	20000	0.9	552851	260851
4	20000	0.9	0	0
5	20000	0.9	0	50
6	20000	0.9	0	23146
7	20000	0.9	0	100
8	20000	0.9	0	22
9	20000	0.9	588416	1186880
10	20000	0.9	0	62
11	20000	0.9	0	566
12	20000	0.9	0	210634
13	20000	0.9	657921	734921
1	20000	0.9	299672363	299734654
2	20000	0.9	0	153
3	20000	0.9	575968	285835
4	20000	0.9	0	1
5	20000	0.9	0	55
6	20000	0.9	0	27718
7	20000	0.9	0	110
8	20000	0.9	0	26
9	20000	0.9	610554	1194364
10	20000	0.9	0	68
11	20000	0.9	0	569
12	20000	0.9	0	231645
13	20000	0.9	659642	736884
1	20000	0.9	269057423	269118499
2	20000	0.9	0	138
3	20000	0.9	514165	245199
4	20000	0.9	0	0
5	20000	0.9	0	45
6	20000	0.9	0	22135
7	20000	0.9	0	91
8	20000	0.9	0	20
9	20000	0.9	547820	1111007
10	20000	0.9	0	55
11	20000	0.9	0	506
12	20000	0.9	0	200594
13	20000	0.9	604526	679026
1	20000	0.9	284428753	284489635
2	20000	0.9	0	141
3	20000	0.9	543250	264475
4	20000	0.9	0	0
5	20000	0.9	0	49
6	20000	0.9	0	25046
7	20000	0.9	0	99
8	20000	0.9	0	23
9	20000	0.9	577106	1128185
10	20000	0.9	0	61
11	20000	0.9	0	524
12	20000	0.9	0	213685
13	20000	0.9	623097	698170
1	20000	0.9	235490042	235547689
2	20000	0.9	0	111
3	20000	0.9	450895	200674
4	20000	0.9	0	0
5	20000	0.9	0	34
6	20000	0.9	0	17022
7	20000	0.9	0	69
8	20000	0.9	0	14
9	20000	0.9	482286	963945
10	20000	0.9	0	42
11	20000	0.9	0	410
12	20000	0.9	0	163539
13	20000	0.9	522017	591413
